time/iterations,time/fps,time/total_timesteps,rollout/ep_rew_mean,rollout/ep_len_mean,time/time_elapsed,train/learning_rate,train/value_loss,train/clip_fraction,train/clip_range,train/std,train/loss,train/entropy_loss,train/explained_variance,train/n_updates,train/policy_gradient_loss,train/approx_kl
1,10243,12288,1155.7351894166666,1000.0,1,,,,,,,,,,,
2,7705,24576,1114.3408130833334,978.7916666666666,3,5e-05,0.3753464151484271,0.50029296875,0.2,0.15917915105819702,0.11648906767368317,5.8444100687901175,0.987350344657898,17900,-0.03630070184590295,0.06852552
3,7127,36864,1130.7954128611111,985.8611111111111,5,5e-05,0.8816003904367486,0.441259765625,0.2,0.15899042785167694,0.31663206219673157,5.849837557474772,0.9678847789764404,17910,-0.026593815942760557,0.053777188
4,6955,49152,1132.519652,989.3958333333334,7,5e-05,0.3597182493035992,0.488330078125,0.2,0.15892775356769562,0.09954480826854706,5.864614877104759,0.993302583694458,17920,-0.034814513003705846,0.070177265
5,6964,61440,1136.4489947833333,991.5166666666667,8,5e-05,0.4055818107600013,0.48115234375,0.2,0.1587706208229065,0.09616056829690933,5.874670352538427,0.9814150929450989,17930,-0.036867947758097826,0.062182564
6,6847,73728,1140.7893318055555,992.9305555555555,10,5e-05,0.3952662780260046,0.46986490885416665,0.2,0.1586814969778061,0.11963608860969543,5.885666643579801,0.9936699271202087,17940,-0.03038149216057112,0.059887394
7,6865,86016,1141.8675098452381,993.9404761904761,12,5e-05,0.3294298404517273,0.4768147786458333,0.2,0.15848107635974884,0.1442023515701294,5.895207071304322,0.9776930212974548,17950,-0.03753161573743758,0.0609192
8,6861,98304,1130.95588121875,989.25,14,5e-05,0.34131491454318164,0.4551188151041667,0.2,0.15845245122909546,0.1234988123178482,5.904265204071999,0.9950769543647766,17960,-0.034593901805055796,0.053740885
9,6820,110592,1119.6510391900001,978.98,16,5e-05,2.0251845790073277,0.3711018880208333,0.2,0.15844698250293732,1.242790699005127,5.910418239235878,0.9651690721511841,17970,-0.018302832816213293,0.037555683
10,6833,122880,1125.61332718,980.4,17,5e-05,1.7298594842354456,0.3973307291666667,0.2,0.1585642397403717,0.7006430625915527,5.906005996465683,0.9854174256324768,17980,-0.02233852039256211,0.046290234
11,6810,135168,1113.30089619,973.98,19,5e-05,3.2864277280246217,0.47164713541666664,0.2,0.15856607258319855,0.8516948819160461,5.903107604384422,0.9508015513420105,17990,-0.018417911982396618,0.05999291
12,6820,147456,1109.71894716,971.89,21,5e-05,6.192561200261116,0.3997721354166667,0.2,0.15849630534648895,2.9973349571228027,5.904854435722033,0.973787248134613,18000,-0.023704602748815282,0.04452485
13,6822,159744,1104.8262532,967.45,23,5e-05,0.7883014968285958,0.56953125,0.2,0.15853653848171234,0.3693297803401947,5.907556411623955,0.9895535111427307,18010,-0.022710851915568733,0.09420981
14,6800,172032,1095.15827834,959.86,25,5e-05,1.8237109815701842,0.5234781901041666,0.2,0.1585197001695633,1.047055721282959,5.9121298362811405,0.9836207628250122,18020,-0.02070090176324205,0.068052605
15,6794,184320,1099.29697379,959.86,27,5e-05,2.3142708559830982,0.44288736979166665,0.2,0.1585194170475006,0.2766925096511841,5.917434811592102,0.9694592952728271,18030,-0.02198674486959741,0.062400956
16,6793,196608,1113.8666128399998,965.09,28,5e-05,0.26302500646561383,0.5532633463541666,0.2,0.15837378799915314,0.06571595370769501,5.925647711753845,0.9896587133407593,18040,-0.025133829947056558,0.08043904
17,6815,208896,1127.1420073699999,975.79,30,5e-05,0.34887049440294504,0.5043050130208333,0.2,0.15821640193462372,0.06540827453136444,5.938911770780881,0.9882473349571228,18050,-0.03763750101885913,0.06725166
18,6839,221184,1128.07008662,975.79,32,5e-05,0.33628415611262125,0.49119466145833335,0.2,0.1579948216676712,0.07747650891542435,5.952032523353894,0.9922652244567871,18060,-0.03886775834932147,0.06404658
19,6860,233472,1148.61217518,985.88,34,5e-05,0.2925268767401576,0.48097330729166665,0.2,0.15784050524234772,0.09855573624372482,5.968660631775856,0.9922273755073547,18070,-0.032244677530252376,0.061256815
20,6881,245760,1148.6071789700002,985.93,35,5e-05,0.2497246184386313,0.4862060546875,0.2,0.1579011082649231,0.06561356037855148,5.970520027478536,0.9926207065582275,18080,-0.03457794325465026,0.060248435
21,6897,258048,1152.08440981,990.37,37,5e-05,1.3449273748944204,0.4082763671875,0.2,0.15782511234283447,0.30285727977752686,5.972344130277634,0.9727920293807983,18090,-0.019502833739776786,0.04594755
22,6915,270336,1163.23499188,997.96,39,5e-05,0.39582127885272106,0.5158935546875,0.2,0.15774957835674286,0.1378554105758667,5.978597873449326,0.9917052984237671,18100,-0.033655071666968676,0.06981483
23,6933,282624,1160.63512818,997.96,40,5e-05,0.340917967290928,0.4965006510416667,0.2,0.1574888825416565,0.07288145273923874,5.99455949862798,0.985300600528717,18110,-0.036844347286387344,0.06845882
24,6947,294912,1160.5683098000002,997.96,42,5e-05,0.4246492517180741,0.47482096354166664,0.2,0.1574281007051468,0.16123652458190918,6.008036755522093,0.9873310327529907,18120,-0.02995125575204535,0.05566244
25,6963,307200,1155.4225138699999,997.96,44,5e-05,0.4619844013825059,0.4761962890625,0.2,0.1572834849357605,0.09972581267356873,6.018953506151835,0.9849517345428467,18130,-0.03916571776790079,0.064775296
26,6978,319488,1144.47685808,989.54,45,5e-05,0.2647489013771216,0.4846598307291667,0.2,0.15723969042301178,0.08179771155118942,6.022979406515757,0.9922962784767151,18140,-0.03719238625732638,0.064282455
27,6988,331776,1136.46405637,989.54,47,5e-05,2.148373011437555,0.37002766927083336,0.2,0.1572168916463852,0.9345162510871887,6.025014774998029,0.9755949378013611,18150,-0.019319077033530144,0.03493563
28,6997,344064,1141.7593848000001,990.39,49,5e-05,0.33479124459748466,0.5085042317708334,0.2,0.15733478963375092,0.06337612867355347,6.022709520657857,0.9901763200759888,18160,-0.03680952918657567,0.06554899
29,7007,356352,1141.29538598,990.39,50,5e-05,1.1681758662996193,0.4451904296875,0.2,0.15725813806056976,0.12374456226825714,6.024548370639483,0.9707819223403931,18170,-0.0194520771127524,0.050548267
30,7017,368640,1142.1384647799998,990.39,52,5e-05,0.2695162855088711,0.518408203125,0.2,0.1572343111038208,0.10169722139835358,6.028505420684814,0.9876112937927246,18180,-0.031784152329782954,0.07090493
31,7027,380928,1147.14662465,990.39,54,5e-05,0.30846077476938566,0.4831787109375,0.2,0.157024085521698,0.061894312500953674,6.038207018375397,0.9817771911621094,18190,-0.03757077439610536,0.06269071
32,7037,393216,1140.6012106899998,985.97,55,5e-05,0.2532952562595407,0.48817545572916665,0.2,0.15702475607395172,0.046762868762016296,6.044626299540202,0.9912963509559631,18200,-0.033615704492937465,0.06423544
33,7046,405504,1140.44585574,983.45,57,5e-05,0.9201413935050369,0.43853352864583334,0.2,0.1570112556219101,0.7419371604919434,6.044336898128192,0.9733322858810425,18210,-0.019786853695404717,0.05035389
34,7046,417792,1132.37101042,975.57,59,5e-05,2.134074582842489,0.3707194010416667,0.2,0.15700815618038177,1.9914039373397827,6.047838675975799,0.9836732745170593,18220,-0.022909431372924397,0.038250744
35,7054,430080,1134.7092917900002,975.57,60,5e-05,2.28854905012995,0.39857584635416665,0.2,0.1570754200220108,0.4935450851917267,6.047165057063102,0.9872547388076782,18230,-0.025209595620981417,0.04238345
36,7064,442368,1136.7136492299999,976.76,62,5e-05,2.3536157911022504,0.52451171875,0.2,0.15702861547470093,0.21110095083713531,6.047376022736231,0.9283942580223083,18240,-0.013584543502171679,0.06986416
37,7072,454656,1140.06332221,976.76,64,5e-05,0.36451463932171463,0.5665690104166666,0.2,0.15708845853805542,0.09048101305961609,6.050049594044685,0.9926497936248779,18250,-0.03488127354260844,0.08741728
38,7080,466944,1123.02561222,964.51,65,5e-05,0.3160694954606394,0.5244466145833333,0.2,0.15692420303821564,0.0784771665930748,6.057889804244041,0.9935389757156372,18260,-0.029752172464698863,0.07725196
39,7088,479232,1110.70052151,957.55,67,5e-05,0.8978792874142527,0.4505533854166667,0.2,0.15688182413578033,0.18391168117523193,6.065107280015946,0.9732513427734375,18270,-0.017728985304711387,0.049794436
40,7095,491520,1119.74792784,961.97,69,5e-05,1.6683135783920686,0.43826497395833336,0.2,0.15683139860630035,0.3102116882801056,6.070009436209997,0.9841734766960144,18280,-0.019775657122954725,0.053394973
41,7101,503808,1127.51069928,970.37,70,5e-05,0.27423929267873365,0.5352213541666667,0.2,0.15693894028663635,0.052191391587257385,6.0678820272286735,0.9926367998123169,18290,-0.030038954767708976,0.076047026
42,7108,516096,1136.21297587,980.79,72,5e-05,1.122996229181687,0.4361328125,0.2,0.15701031684875488,0.4501638114452362,6.0653509318828585,0.9716349840164185,18300,-0.023768831206446826,0.051023442
43,7115,528384,1144.09242137,980.79,74,5e-05,0.23225827626883983,0.5208902994791667,0.2,0.15682347118854523,0.05098754167556763,6.070787487427394,0.9941627979278564,18310,-0.03457044043558805,0.073039435
44,7123,540672,1141.73161559,973.56,75,5e-05,0.27641764087602494,0.48887532552083335,0.2,0.15667462348937988,0.0651780366897583,6.090388450026512,0.9942923188209534,18320,-0.033190230252997326,0.063812666
45,7129,552960,1121.4414649599998,962.25,77,5e-05,0.9453257114626468,0.42841796875,0.2,0.15652984380722046,1.1668784618377686,6.106560416022936,0.9914242029190063,18330,-0.028324346074562832,0.05184706
46,7134,565248,1134.66860643,971.88,79,5e-05,3.7282347013552983,0.32749837239583335,0.2,0.1564793437719345,1.341445803642273,6.115743656953176,0.9646151065826416,18340,-0.021611511956628724,0.026561992
47,7139,577536,1144.01903884,978.84,80,5e-05,1.0675038312251368,0.5151692708333333,0.2,0.15657323598861694,0.3388163149356842,6.113803453246752,0.9834998250007629,18350,-0.0238197469181614,0.07857942
48,7144,589824,1136.21579975,978.84,82,5e-05,0.4676542158549031,0.5391682942708333,0.2,0.1563536673784256,0.2051851749420166,6.115216129024824,0.9904866814613342,18360,-0.025433739967411384,0.08305264
49,7149,602112,1138.75449223,978.84,84,5e-05,0.31878275514269866,0.5099934895833333,0.2,0.15643541514873505,0.07305721938610077,6.115311061342557,0.9893139600753784,18370,-0.034125605843534385,0.06815467
50,7154,614400,1144.92217975,978.84,85,5e-05,0.3120426928934952,0.48828125,0.2,0.1562509983778,0.07746748626232147,6.1197289337714516,0.9940791726112366,18380,-0.03422007510865418,0.061605554
51,7160,626688,1133.90303503,972.03,87,5e-05,0.24171844099958736,0.481640625,0.2,0.15633948147296906,0.06798878312110901,6.123478062947592,0.9950257539749146,18390,-0.037892498211779944,0.06375366
52,7161,638976,1143.76083893,979.26,89,5e-05,1.014225780715545,0.41514485677083335,0.2,0.1563953012228012,0.10099640488624573,6.119583214322726,0.9917939305305481,18400,-0.021784933682647535,0.045991898
53,7163,651264,1163.81247141,990.57,90,5e-05,0.27171920438607533,0.4939046223958333,0.2,0.156148299574852,0.07612626254558563,6.127018666267395,0.9912576079368591,18410,-0.03309899111724614,0.06741583
54,7166,663552,1158.2753523200001,988.79,92,5e-05,0.2984816437587142,0.49638671875,0.2,0.1562151312828064,0.07968500256538391,6.137654255827268,0.9903567433357239,18420,-0.0366529323682092,0.06373105
55,7173,675840,1151.03398075,983.09,94,5e-05,0.7155110685154795,0.4488118489583333,0.2,0.15609236061573029,0.12475942075252533,6.141931089758873,0.9659472107887268,18430,-0.024307822995857955,0.050395086
56,7177,688128,1145.06185766,978.53,95,5e-05,1.577882621375223,0.4224934895833333,0.2,0.15602220594882965,0.9068328738212585,6.152134224772453,0.9867242574691772,18440,-0.02613722094441376,0.04716137
57,7181,700416,1146.2523532599998,978.53,97,5e-05,1.3377303656811514,0.43544108072916665,0.2,0.15587033331394196,0.1920117437839508,6.159744776288668,0.9867388606071472,18450,-0.02641020473674871,0.049625814
58,7184,712704,1142.6526416799998,978.53,99,5e-05,0.38116515828296543,0.5474853515625,0.2,0.15584330260753632,0.14055289328098297,6.168410260478655,0.9835209846496582,18460,-0.031254390794977854,0.076273635
59,7186,724992,1142.15409278,978.53,100,5e-05,0.2534005999254684,0.5149007161458333,0.2,0.15561184287071228,0.04964054748415947,6.180307665467263,0.9930016398429871,18470,-0.029210463970472725,0.071151055
60,7184,737280,1138.28235794,985.34,102,5e-05,0.32877124960844717,0.4985595703125,0.2,0.1555919647216797,0.10356080532073975,6.188436020414034,0.9915235638618469,18480,-0.031250159573392014,0.066097885
61,7188,749568,1135.0044539199998,985.34,104,5e-05,0.28224337616314493,0.4865478515625,0.2,0.15552948415279388,0.11706171929836273,6.19043370783329,0.9863400459289551,18490,-0.032690658692930204,0.058838516
62,7191,761856,1147.8142658,989.74,105,5e-05,0.24460738295068343,0.4656901041666667,0.2,0.1555573046207428,0.07445956766605377,6.1956085681915285,0.9889489412307739,18500,-0.032290978343614066,0.059235707
63,7195,774144,1140.78109733,982.56,107,5e-05,0.27617181070769825,0.45986328125,0.2,0.1554774045944214,0.06611483544111252,6.198784695068995,0.9887328743934631,18510,-0.03406117770452208,0.054409474
64,7197,786432,1138.40443706,979.37,109,5e-05,1.5669963233793776,0.36563313802083336,0.2,0.15542547404766083,0.4446669816970825,6.202992983659109,0.9762853384017944,18520,-0.02094703461819639,0.03556014
65,7198,798720,1134.9581771500002,977.6,110,5e-05,1.3656509106357893,0.45591634114583335,0.2,0.15540263056755066,0.29275450110435486,6.20651018122832,0.9783109426498413,18530,-0.022995226244286945,0.05334152
66,7201,811008,1126.5427237499998,975.14,112,5e-05,1.036044244468212,0.4665608723958333,0.2,0.15543796122074127,0.3065439462661743,6.204014858603477,0.988734245300293,18540,-0.022859588152884195,0.061788913
67,7204,823296,1127.27298387,975.14,114,5e-05,1.5634612854570151,0.46824544270833335,0.2,0.1553417444229126,0.3034360110759735,6.209249788522721,0.9870176315307617,18550,-0.021399814657343086,0.0640359
68,7206,835584,1119.47073916,968.86,115,5e-05,0.32625907280792793,0.5406982421875,0.2,0.15534721314907074,0.08648719638586044,6.212348426381747,0.9915805459022522,18560,-0.034268016321584584,0.079743445
69,7207,847872,1127.93569312,968.86,117,5e-05,1.4144538804267843,0.45054524739583335,0.2,0.15528011322021484,0.5812090635299683,6.218286025524139,0.9748402833938599,18570,-0.01891873659187695,0.05160209
70,7210,860160,1119.6753790999996,968.86,119,5e-05,1.3894821340839068,0.4873046875,0.2,0.1550573855638504,0.36814481019973755,6.232361227273941,0.9526914358139038,18580,-0.01986413574971569,0.07199661
71,7208,872448,1132.8746606,981.74,121,5e-05,0.5567869544029236,0.5333414713541667,0.2,0.15482689440250397,0.16117054224014282,6.250516296426455,0.9903295040130615,18590,-0.031866039740270934,0.07699015
72,7210,884736,1147.22941595,989.49,122,5e-05,0.42408151061584554,0.523583984375,0.2,0.154665008187294,0.14319556951522827,6.264844410618147,0.9898310303688049,18600,-0.03597288587576865,0.06920073
73,7213,897024,1155.6192839700002,991.26,124,5e-05,0.32632490194713076,0.47933756510416664,0.2,0.15464411675930023,0.09958774596452713,6.273570762077967,0.9959967732429504,18610,-0.035456486390709564,0.058576673
74,7214,909312,1162.9053213500001,993.72,126,5e-05,0.299113952772071,0.48956705729166666,0.2,0.15451417863368988,0.0764559805393219,6.285431099931399,0.9941971302032471,18620,-0.037330138938462674,0.06355847
75,7216,921600,1159.66545696,988.43,127,5e-05,0.2776820562159022,0.484423828125,0.2,0.15458625555038452,0.05872084200382233,6.285784113407135,0.9923914074897766,18630,-0.03741876702018392,0.064453
76,7219,933888,1156.59350022,983.25,129,5e-05,1.0254967166110873,0.4413655598958333,0.2,0.15470774471759796,0.13659517467021942,6.276800801356633,0.9560017585754395,18640,-0.019619816027019017,0.05072389
77,7220,946176,1152.89209632,983.25,131,5e-05,5.008674464871486,0.278515625,0.2,0.1546570360660553,6.4383225440979,6.276422231396039,0.9775623679161072,18650,-0.023052300401225998,0.024603227
78,7222,958464,1156.46830553,983.25,132,5e-05,0.401481969996045,0.5360514322916666,0.2,0.15446586906909943,0.11062578111886978,6.282952323555946,0.9864634871482849,18660,-0.034204779823630814,0.07713196
79,7224,970752,1154.8952027700002,983.25,134,5e-05,0.6193605277687311,0.5020426432291667,0.2,0.15432162582874298,0.1282619684934616,6.298605421185494,0.9897222518920898,18670,-0.027959454614513865,0.07570364
80,7226,983040,1149.99190265,979.51,136,5e-05,0.2873179071893295,0.49867350260416665,0.2,0.1541890650987625,0.07544133812189102,6.311181203524272,0.9929547905921936,18680,-0.03377364298697406,0.06478149
81,7228,995328,1144.96018609,979.51,137,5e-05,1.5708708368241786,0.4357828776041667,0.2,0.15411746501922607,0.7682137489318848,6.322296347220739,0.9610060453414917,18690,-0.019583709252765404,0.047915366
82,7230,1007616,1140.89860307,979.51,139,5e-05,0.5727170400321484,0.5071126302083333,0.2,0.1539851576089859,0.18550673127174377,6.329173581798871,0.9798508882522583,18700,-0.03338619033214248,0.07140323
83,7232,1019904,1150.45151596,984.8,141,5e-05,0.39031226051350437,0.5121256510416666,0.2,0.1539412885904312,0.12087000161409378,6.335720415910085,0.9939115047454834,18710,-0.03644535203105382,0.07464659
84,7235,1032192,1158.5802564599999,990.64,142,5e-05,0.25812305836007,0.49029947916666666,0.2,0.15394695103168488,0.03024992346763611,6.338978419701259,0.9950140714645386,18720,-0.03522391575970687,0.0645347
85,7236,1044480,1145.4772782399998,983.33,144,5e-05,1.601808463782072,0.4066162109375,0.2,0.15391333401203156,0.258931428194046,6.342553812265396,0.9805238842964172,18730,-0.02249247879468991,0.043852646
86,7238,1056768,1144.6892247099997,983.33,145,5e-05,1.4152681409070889,0.4060872395833333,0.2,0.15387243032455444,0.46978068351745605,6.344771783550581,0.9773097038269043,18740,-0.01940639459353406,0.04357369
87,7239,1069056,1135.64275347,981.04,147,5e-05,0.6696465207263828,0.5337890625,0.2,0.15383590757846832,0.15092206001281738,6.349839934706688,0.9905304908752441,18750,-0.025419904850423336,0.08219749
88,7238,1081344,1139.47514721,984.78,149,5e-05,4.341461243232091,0.35524088541666665,0.2,0.15376479923725128,3.1131176948547363,6.355590956409772,0.9700317978858948,18760,-0.02118022275099065,0.03266475
89,7239,1093632,1133.83329337,980.51,151,5e-05,0.3514147065579891,0.5606201171875,0.2,0.15362082421779633,0.1301538348197937,6.364171149333318,0.9899826645851135,18770,-0.030834555961822236,0.07903696
90,7240,1105920,1139.82248026,980.51,152,5e-05,1.6291151436045765,0.4666748046875,0.2,0.1535254418849945,0.3472437858581543,6.376556118329366,0.9800904393196106,18780,-0.019810739743115847,0.05446185
91,7242,1118208,1131.3444000900001,978.37,154,5e-05,0.29261920175825556,0.5320719401041667,0.2,0.15345023572444916,0.06863592565059662,6.384345039725304,0.9943357110023499,18790,-0.0279646615885819,0.07577232
92,7243,1130496,1145.77815588,983.99,156,5e-05,2.182645777457704,0.4387939453125,0.2,0.15333129465579987,0.17188775539398193,6.390584831436475,0.9678595066070557,18800,-0.01724159975759297,0.04962166
93,7245,1142784,1146.7319270799999,988.63,157,5e-05,0.4310700711173316,0.5224365234375,0.2,0.15325094759464264,0.15275272727012634,6.39573639134566,0.9915239810943604,18810,-0.023973260159740068,0.076806314
94,7238,1155072,1155.9056176,990.51,159,5e-05,0.8539224977915486,0.48243815104166665,0.2,0.15314580500125885,0.1717548668384552,6.400831972559293,0.9783304929733276,18820,-0.0184557856322499,0.061632395
95,7237,1167360,1165.4229153299998,992.8,161,5e-05,0.3110653988396128,0.496728515625,0.2,0.15300899744033813,0.09438216686248779,6.409850268562635,0.9966011643409729,18830,-0.033969407504870715,0.06583709
96,7237,1179648,1162.9570823999998,992.8,162,5e-05,0.31651203328122696,0.5063639322916667,0.2,0.152734637260437,0.09498373419046402,6.429313644766808,0.9923058748245239,18840,-0.035612267261603846,0.07127514
97,7238,1191936,1168.05392253,997.07,164,5e-05,0.2872322349188228,0.4841064453125,0.2,0.15284334123134613,0.0824778825044632,6.435409831007322,0.994583249092102,18850,-0.02698836268100422,0.0599329
98,7238,1204224,1167.5590726000003,997.07,166,5e-05,0.2945545463512341,0.47413736979166665,0.2,0.1528414636850357,0.10120250284671783,6.431407950321833,0.9872509241104126,18860,-0.037550674338126554,0.06069988
99,7231,1216512,1167.1757752700003,997.07,168,5e-05,0.2905677991608779,0.47630208333333335,0.2,0.15269559621810913,0.07256440818309784,6.439101014534632,0.9948014616966248,18870,-0.03300782022609686,0.05916245
100,7232,1228800,1139.72679495,981.49,169,5e-05,0.3154867213529845,0.4817708333333333,0.2,0.15230713784694672,0.07680532336235046,6.460093275705973,0.9859364628791809,18880,-0.034959352478229754,0.058920432
101,7234,1241088,1144.73501158,982.28,171,5e-05,3.586360004109641,0.32769368489583334,0.2,0.1522376537322998,0.9196431636810303,6.47450088262558,0.9681703448295593,18890,-0.018424799929440874,0.030239888
102,7235,1253376,1142.2762415799998,982.28,173,5e-05,0.24707745835185052,0.5051920572916667,0.2,0.15214906632900238,0.04802772402763367,6.477667925755183,0.9930194020271301,18900,-0.030893739699968135,0.06426984
103,7236,1265664,1130.31150568,977.48,174,5e-05,0.46389306653290985,0.4845377604166667,0.2,0.1518932729959488,0.1465023308992386,6.488686773180961,0.9907052516937256,18910,-0.03478313618009755,0.065241896
104,7237,1277952,1130.8918217100002,977.48,176,5e-05,1.0940072882920504,0.4390787760416667,0.2,0.15178990364074707,0.5303900837898254,6.5034977465868,0.969855546951294,18920,-0.01963472167844884,0.04828616
105,7239,1290240,1126.96403223,971.51,178,5e-05,0.45558986632774273,0.5195231119791667,0.2,0.15147659182548523,0.10696452856063843,6.524529647827149,0.9878280758857727,18930,-0.03171356588524456,0.07441618
106,7239,1302528,1120.96700658,964.85,179,5e-05,1.7972106302157045,0.40902506510416664,0.2,0.1513463258743286,0.4346088469028473,6.5421194185813265,0.9781813025474548,18940,-0.023480991078152633,0.0425497
107,7240,1314816,1121.13555586,962.41,181,5e-05,0.24851868351300557,0.5261800130208333,0.2,0.15110032260417938,0.07113047689199448,6.554884907603264,0.9950847029685974,18950,-0.031154744974143493,0.079241954
108,7239,1327104,1148.28624275,979.25,183,5e-05,1.167277881813546,0.44061686197916666,0.2,0.1510668843984604,0.7218347787857056,6.565154793858528,0.983366847038269,18960,-0.023492834750019634,0.05135493
109,7241,1339392,1143.68567371,974.93,184,5e-05,4.114690088418623,0.38658040364583335,0.2,0.1510404795408249,1.9605035781860352,6.569905747969945,0.9742270708084106,18970,-0.017618307633286652,0.039937574
110,7242,1351680,1137.55608074,965.73,186,5e-05,1.8654450906751057,0.51171875,0.2,0.150960311293602,0.657420814037323,6.5736353894074755,0.9855095148086548,18980,-0.01584981888833378,0.06754213
111,7243,1363968,1141.6079367799998,970.53,188,5e-05,3.9827659512559572,0.4989827473958333,0.2,0.15098710358142853,2.2383744716644287,6.575656353433927,0.9456468224525452,18990,-0.017293646580462032,0.0658734
112,7244,1376256,1142.59856502,970.53,189,5e-05,0.43031006595119836,0.5904541015625,0.2,0.15122447907924652,0.10568477213382721,6.566152241826058,0.9832141995429993,19000,-0.023434679759278272,0.10875291
113,7245,1388544,1151.71312215,976.5,191,5e-05,0.2659581759634117,0.5336181640625,0.2,0.1511470526456833,0.09469817578792572,6.560760526855787,0.9956789612770081,19010,-0.030190645787903727,0.07708738
114,7246,1400832,1157.4547042599997,983.16,193,5e-05,0.27207778304194413,0.5149983723958333,0.2,0.15111427009105682,0.0593697689473629,6.562117289503416,0.9911585450172424,19020,-0.03338118683313951,0.070296265
115,7248,1413120,1153.49384506,983.98,194,5e-05,0.37988325984527666,0.4877522786458333,0.2,0.15085995197296143,0.09497447311878204,6.573375764489174,0.9938709735870361,19030,-0.03537975043970316,0.0639994
116,7249,1425408,1159.8622422800001,984.86,196,5e-05,1.0905788596719503,0.413232421875,0.2,0.15069319307804108,0.5523819923400879,6.5908368021249775,0.9828892350196838,19040,-0.02774731028766837,0.047108043
117,7250,1437696,1155.4585908000001,989.18,198,5e-05,0.35901890232538186,0.5084391276041667,0.2,0.15076349675655365,0.1207764744758606,6.592122260729472,0.9921213388442993,19050,-0.037237372421077455,0.06937573
118,7252,1449984,1166.96897756,998.38,199,5e-05,0.9281303320700923,0.44207356770833334,0.2,0.150612935423851,0.9178090691566467,6.597067546844483,0.9781677722930908,19060,-0.02054259363018597,0.05282129
119,7252,1462272,1167.77475306,998.38,201,5e-05,0.22922931369394065,0.5128662109375,0.2,0.15079736709594727,0.03450547158718109,6.594888777534167,0.9952120184898376,19070,-0.03554264278888392,0.07292815
120,7253,1474560,1174.8096892199999,998.38,203,5e-05,0.2688135234018167,0.49761555989583334,0.2,0.15074105560779572,0.09648279845714569,6.595537456870079,0.9908730983734131,19080,-0.033892310192701794,0.06603081
121,7254,1486848,1152.57783967,985.08,204,5e-05,0.3895386438195904,0.47816569010416665,0.2,0.15085460245609283,0.10989471524953842,6.597641105453174,0.9916921257972717,19090,-0.032850966583161306,0.0627919
122,7255,1499136,1135.77181985,975.58,206,5e-05,3.60606611755987,0.32083333333333336,0.2,0.15079614520072937,1.4670573472976685,6.5975421587626135,0.9746147990226746,19100,-0.022147353817126715,0.026989466
123,7256,1511424,1145.3274906,977.2,208,5e-05,5.553627064948281,0.2987141927083333,0.2,0.15074680745601654,4.6726884841918945,6.603143854935964,0.9657046794891357,19110,-0.024256520839602065,0.025573919
124,7254,1523712,1143.31451197,977.2,210,5e-05,0.34224427593871953,0.5577718098958333,0.2,0.15066497027873993,0.13870824873447418,6.605060850580533,0.9919700026512146,19120,-0.03002735541619283,0.086580925
125,7255,1536000,1145.4314060799998,977.2,211,5e-05,0.41774391792714594,0.521728515625,0.2,0.15058565139770508,0.06914344429969788,6.614941750963529,0.9896472096443176,19130,-0.02871943013985098,0.07435893
126,7257,1548288,1138.7828442799998,972.79,213,5e-05,0.3448904101736844,0.5065999348958333,0.2,0.15031243860721588,0.11778973042964935,6.628844133019447,0.9939418435096741,19140,-0.032848556753015144,0.06617569
127,7258,1560576,1141.3533161,972.79,215,5e-05,0.5603831869239608,0.43404947916666664,0.2,0.15020179748535156,0.09045910835266113,6.643184848626455,0.9844468832015991,19150,-0.023374994200033448,0.050447073
128,7258,1572864,1132.69360948,972.79,216,5e-05,0.36349223625535765,0.5103271484375,0.2,0.14992599189281464,0.18050868809223175,6.659632437427839,0.9901955127716064,19160,-0.03411011055771572,0.06884533
129,7259,1585152,1145.77076288,980.65,218,5e-05,0.3382667614147067,0.5038167317708333,0.2,0.14980186522006989,0.09020816534757614,6.673016821344693,0.990355372428894,19170,-0.03286169510150406,0.069314115
130,7259,1597440,1159.93584068,988.98,220,5e-05,0.9126801472778122,0.44920247395833335,0.2,0.14967449009418488,0.4013783931732178,6.682053851087888,0.9825021028518677,19180,-0.02041114784685002,0.053139627
131,7260,1609728,1145.59820279,979.14,221,5e-05,1.4565775497506062,0.4885335286458333,0.2,0.14963982999324799,0.20885534584522247,6.687322050333023,0.9784852266311646,19190,-0.022448587701364885,0.059013397
132,7261,1622016,1131.27301554,966.6,223,5e-05,2.1004605980589988,0.39081217447916666,0.2,0.1497349590063095,0.6478269696235657,6.689066742857297,0.9890862107276917,19200,-0.02299213937027768,0.038392454
133,7262,1634304,1133.0834588900004,966.6,225,5e-05,3.975431967029969,0.35895182291666666,0.2,0.1496998518705368,3.1827187538146973,6.6907743583122885,0.9798770546913147,19210,-0.025035816266123827,0.03376548
134,7261,1646592,1135.27789221,971.01,226,5e-05,0.37518329567586384,0.5901123046875,0.2,0.14973220229148865,0.1359892189502716,6.690447851022085,0.9855067133903503,19220,-0.02599056370478744,0.09436049
135,7262,1658880,1126.92432326,967.76,228,5e-05,0.4456562922646602,0.5376383463541666,0.2,0.14957118034362793,0.20131978392601013,6.696376595894495,0.9919984936714172,19230,-0.024800128249141077,0.08035836
136,7262,1671168,1137.84561613,967.76,230,5e-05,0.875513889764746,0.4638916015625,0.2,0.1494305431842804,0.21139474213123322,6.709007149934768,0.9904166460037231,19240,-0.02210794725930706,0.06118946
137,7263,1683456,1147.6665776600003,973.2,231,5e-05,0.2716226910551389,0.5264404296875,0.2,0.1492951661348343,0.1251114308834076,6.712287881970406,0.992357075214386,19250,-0.03339947150476898,0.07315132
138,7263,1695744,1150.01698069,974.37,233,5e-05,0.26120133868729073,0.5021891276041667,0.2,0.1493029147386551,0.06466590613126755,6.719507705171903,0.9876483678817749,19260,-0.030091677116191325,0.06640316
139,7263,1708032,1164.15033323,984.21,235,5e-05,0.3225415657895307,0.4985432942708333,0.2,0.14925336837768555,0.08038514107465744,6.7194463779528935,0.9917383193969727,19270,-0.03197490424354328,0.06706696
140,7254,1720320,1166.7808982200002,990.67,237,5e-05,0.2903478021423022,0.49722493489583336,0.2,0.14924867451190948,0.08400647342205048,6.722032988071442,0.9881246089935303,19280,-0.036842800798088625,0.06609577
141,7249,1732608,1168.3116399100002,992.97,238,5e-05,0.36039187042042614,0.47162272135416666,0.2,0.14935195446014404,0.12419980019330978,6.719833487272263,0.9919929504394531,19290,-0.02927051271593276,0.059352245
142,7244,1744896,1162.92773455,991.36,240,5e-05,1.352829523353527,0.43819986979166664,0.2,0.14925293624401093,0.30379045009613037,6.723310542106629,0.9760549068450928,19300,-0.023663684446849704,0.053428154
143,7240,1757184,1163.8257171,994.61,242,5e-05,2.329015385918319,0.45078938802083335,0.2,0.14919321238994598,0.30310946702957153,6.730323045452436,0.969205379486084,19310,-0.018392655987796994,0.05271892
144,7237,1769472,1131.28678031,977.93,244,5e-05,0.33520541560525696,0.528515625,0.2,0.148882195353508,0.09492608904838562,6.745761148134867,0.9882540702819824,19320,-0.027671578965964727,0.07567524
145,7235,1781760,1122.6921039300003,971.84,246,5e-05,4.266889367252588,0.3276611328125,0.2,0.14888745546340942,2.1804802417755127,6.758095780014992,0.9775261878967285,19330,-0.02205270362222412,0.027974764
146,7235,1794048,1120.7140895599998,971.84,247,5e-05,1.3647119387052953,0.4709554036458333,0.2,0.14889366924762726,0.18018494546413422,6.75732219616572,0.98971027135849,19340,-0.023865401802565127,0.054894716
147,7230,1806336,1119.2007762,971.84,249,5e-05,0.5106764690640072,0.575537109375,0.2,0.14903871715068817,0.1564396321773529,6.749625987807909,0.9722791314125061,19350,-0.027376287863201773,0.09416344
148,7227,1818624,1121.1443979800001,971.84,251,5e-05,0.3635698315066596,0.5388671875,0.2,0.14889633655548096,0.13649652898311615,6.750852874914805,0.9885644912719727,19360,-0.029188162473534854,0.076720916
149,7224,1830912,1125.18262716,975.62,253,5e-05,0.2795376730772356,0.5113688151041667,0.2,0.14878129959106445,0.05953317880630493,6.761727126439412,0.9862863421440125,19370,-0.03458582685367825,0.06895096
150,7222,1843200,1122.04019321,968.03,255,5e-05,0.26822429513558743,0.5046875,0.2,0.14871801435947418,0.08621282875537872,6.773393301169078,0.9931156635284424,19380,-0.030119102965303075,0.06752529
151,7222,1855488,1129.56909661,968.03,256,5e-05,1.8198810199275612,0.4656494140625,0.2,0.14874614775180817,0.8471227288246155,6.774095697204272,0.9577206373214722,19390,-0.019250409916761177,0.053250592
152,7223,1867776,1155.0610474100001,984.71,258,5e-05,0.3265096013744672,0.5091227213541667,0.2,0.14853496849536896,0.12147121131420135,6.782703933119774,0.9893724918365479,19400,-0.03450379611361617,0.06768263
153,7221,1880064,1159.83489837,990.8,260,5e-05,0.37615633454794684,0.5042073567708333,0.2,0.14858384430408478,0.11110667884349823,6.785404885808627,0.982903778553009,19410,-0.03584510302171111,0.067498446
154,7220,1892352,1154.3760883500001,987.41,262,5e-05,0.3170744231281181,0.48115234375,0.2,0.1484513282775879,0.10827578604221344,6.789043240745863,0.9941843748092651,19420,-0.03483256054460071,0.063252926
155,7219,1904640,1157.2383430099999,987.41,263,5e-05,1.177162167492012,0.4516520182291667,0.2,0.14847756922245026,0.14860250055789948,6.794993419448534,0.9776749014854431,19430,-0.02106137939542047,0.05055864
156,7220,1916928,1149.9733999100001,982.63,265,5e-05,0.27741168374195696,0.4958577473958333,0.2,0.14837080240249634,0.10161386430263519,6.797001712520918,0.9950512051582336,19440,-0.030883066767516235,0.06813163
157,7220,1929216,1128.76544293,970.72,267,5e-05,1.16181662324816,0.4463704427083333,0.2,0.14820919930934906,0.14306336641311646,6.81104740301768,0.9771741032600403,19450,-0.022705395346080574,0.04753902
158,7220,1941504,1139.6739754300002,979.92,268,5e-05,0.8958139584089319,0.458544921875,0.2,0.14813053607940674,0.21890071034431458,6.817703073223432,0.9831982254981995,19460,-0.024981666735645072,0.05684966
159,7220,1953792,1139.8080916400002,979.92,270,5e-05,0.4761094621382654,0.5326090494791667,0.2,0.14811070263385773,0.10100142657756805,6.82410282989343,0.9833593368530273,19470,-0.02845473921770463,0.080577634
160,7220,1966080,1139.9324797600002,979.92,272,5e-05,0.3110539559585353,0.5155924479166667,0.2,0.14801253378391266,0.10213495790958405,6.829568352301916,0.9934242963790894,19480,-0.03126614093004416,0.07088671
161,7221,1978368,1142.2878449,979.92,273,5e-05,0.33006898130600654,0.5156819661458333,0.2,0.1481604129076004,0.09792842715978622,6.832771000266075,0.9877944588661194,19490,-0.03407174398647233,0.06968946
162,7221,1990656,1151.1153850100002,983.31,275,5e-05,0.29758227601026493,0.5001546223958333,0.2,0.14805538952350616,0.08521144092082977,6.831818595528603,0.9888935089111328,19500,-0.033874030086250666,0.0662148
163,7221,2002944,1153.70366845,983.31,277,5e-05,0.2729309522857269,0.46746419270833334,0.2,0.1481570154428482,0.07458953559398651,6.830168255170187,0.9949558973312378,19510,-0.0363233091707419,0.060606286
164,7221,2015232,1159.7511859699998,988.09,279,5e-05,0.26730419710899395,0.4958251953125,0.2,0.14803175628185272,0.06598322838544846,6.833433957894643,0.9874128699302673,19520,-0.03333723283042976,0.06703949
165,7222,2027520,1173.76828138,994.54,280,5e-05,1.2808066767640411,0.4498779296875,0.2,0.14796003699302673,0.08582969754934311,6.842104436953862,0.9476608037948608,19530,-0.018810786572187984,0.053226292
166,7222,2039808,1172.48748618,993.94,282,5e-05,0.3432311598211527,0.497314453125,0.2,0.147894486784935,0.10492762178182602,6.8429724405209225,0.9938647150993347,19540,-0.030398517362967444,0.070862256
167,7223,2052096,1165.68126393,988.01,284,5e-05,2.670984491085013,0.3373046875,0.2,0.14782074093818665,0.9973328113555908,6.849910390377045,0.978308379650116,19550,-0.02228595196890334,0.0329995
168,7224,2064384,1160.89306011,988.01,285,5e-05,2.7014685877909264,0.4167399088541667,0.2,0.14774557948112488,0.3813386559486389,6.8561173131068545,0.9749431610107422,19560,-0.022715610531546797,0.050543558
169,7224,2076672,1170.20354026,988.01,287,5e-05,0.2889125340618193,0.5703369140625,0.2,0.14781217277050018,0.07533667981624603,6.849284439285596,0.9905610084533691,19570,-0.02898576337126239,0.089588374
170,7224,2088960,1165.88654386,988.01,289,5e-05,0.22552780580396453,0.5085205078125,0.2,0.14767161011695862,0.0941072478890419,6.850620210170746,0.9960826635360718,19580,-0.030192867882821398,0.06672272
171,7225,2101248,1160.14848799,986.32,290,5e-05,0.35985449524596336,0.5098876953125,0.2,0.14747051894664764,0.113087959587574,6.860988904039065,0.9884390234947205,19590,-0.034896921298544235,0.07329824
172,7225,2113536,1153.39996636,982.05,292,5e-05,1.4878638449435433,0.45807291666666666,0.2,0.14738582074642181,0.19480763375759125,6.867658695578575,0.9666709899902344,19600,-0.018723938641293594,0.0497361
173,7225,2125824,1149.96612093,982.05,294,5e-05,2.4082746813694635,0.434912109375,0.2,0.14726556837558746,2.50388503074646,6.873176370064417,0.9661241173744202,19610,-0.01882544602121925,0.0601618
174,7225,2138112,1158.9738138300002,988.11,295,5e-05,0.33249621130526064,0.5599609375,0.2,0.1470947563648224,0.10985132306814194,6.882785851756732,0.9756180047988892,19620,-0.023984578849437336,0.0815644
175,7225,2150400,1157.62551272,993.43,297,5e-05,0.6674115800609192,0.5198974609375,0.2,0.14708377420902252,0.26882967352867126,6.889383732279142,0.9841410517692566,19630,-0.030603835724953874,0.073512435
176,7226,2162688,1143.68987785,988.04,299,5e-05,0.9413593486572306,0.47286783854166664,0.2,0.1470210999250412,0.4844967722892761,6.894178197781245,0.9827216863632202,19640,-0.01977399394478804,0.061084952
177,7226,2174976,1137.28708084,984.04,300,5e-05,3.664049906407793,0.3859944661458333,0.2,0.1470174342393875,4.273391246795654,6.899186196923256,0.9736921787261963,19650,-0.019055352394934742,0.038075153
178,7227,2187264,1132.45716613,981.06,302,5e-05,1.3833011754478017,0.443994140625,0.2,0.14691157639026642,0.9357153177261353,6.901908866564432,0.9811409711837769,19660,-0.01891530113692473,0.05514891
179,7228,2199552,1136.23614881,982.75,304,5e-05,3.6549000361934305,0.5151692708333333,0.2,0.14682750403881073,4.948179721832275,6.909466540813446,0.9769834876060486,19670,-0.016154144608299247,0.08930113
180,7228,2211840,1136.93682949,982.75,305,5e-05,1.430112210350732,0.544775390625,0.2,0.14676403999328613,0.5867716073989868,6.915522563457489,0.9807420372962952,19680,-0.020970013524250437,0.07749477
181,7229,2224128,1141.43057202,984.55,307,5e-05,0.9557836821923653,0.5567301432291667,0.2,0.14671026170253754,0.4446489214897156,6.919971864422163,0.9850026965141296,19690,-0.020948593221692135,0.08138842
182,7230,2236416,1144.75668793,984.55,309,5e-05,0.8445640466175973,0.5027180989583333,0.2,0.1467484086751938,0.23647409677505493,6.918937819202741,0.986527681350708,19700,-0.02100668167307352,0.06368429
183,7230,2248704,1152.2432656199999,979.78,311,5e-05,0.37658951406677565,0.5637288411458333,0.2,0.14665591716766357,0.10883589833974838,6.918714140852292,0.9915867447853088,19710,-0.030473897402892667,0.08421657
184,7230,2260992,1153.7391748000002,975.45,312,5e-05,0.8020444521370034,0.49637044270833336,0.2,0.14645259082317352,0.11505109071731567,6.930468990405401,0.9813145399093628,19720,-0.019090602714762404,0.063652046
185,7231,2273280,1164.04644137,983.36,314,5e-05,0.6102696472158035,0.49143880208333335,0.2,0.14647716283798218,0.2023119032382965,6.9345143636067705,0.9858625531196594,19730,-0.02040994383278303,0.062449574
186,7231,2285568,1158.02085758,984.58,316,5e-05,2.297818680169682,0.4638916015625,0.2,0.14645351469516754,0.5519856810569763,6.933681426445643,0.9503424167633057,19740,-0.020322031318210067,0.055776384
187,7232,2297856,1156.91976765,984.58,317,5e-05,1.600463029804329,0.513134765625,0.2,0.14641979336738586,1.0525617599487305,6.9370723615090055,0.9743408560752869,19750,-0.01756838602304924,0.0799663
188,7232,2310144,1158.29089563,984.58,319,5e-05,0.5902011590078473,0.5609700520833333,0.2,0.14630557596683502,0.09774269163608551,6.940994732578596,0.9879564642906189,19760,-0.027698744020502392,0.07982371
189,7232,2322432,1159.0775297100001,987.05,321,5e-05,0.49134706022838753,0.5592041015625,0.2,0.14619314670562744,0.12720640003681183,6.956005040804545,0.9815257787704468,19770,-0.022425099982259174,0.085312285
190,7233,2334720,1151.69307227,987.05,322,5e-05,0.33327985216553013,0.5168131510416667,0.2,0.1461735963821411,0.07557633519172668,6.963676905632019,0.9935586452484131,19780,-0.03029320456116693,0.069072194
191,7233,2347008,1155.5420086799998,992.43,324,5e-05,0.31322633583719534,0.5022786458333334,0.2,0.1461029201745987,0.09027501195669174,6.971431098381678,0.9860506653785706,19790,-0.0284761697849414,0.06618369
192,7232,2359296,1152.17420339,991.8,326,5e-05,0.341397156038632,0.4989013671875,0.2,0.146001935005188,0.09938003122806549,6.979795821507772,0.9942957758903503,19800,-0.03556075866120712,0.06705741
193,7233,2371584,1142.05577693,984.22,327,5e-05,1.12770344975094,0.43768717447916666,0.2,0.14587749540805817,0.4157429337501526,6.987758574883143,0.9838071465492249,19810,-0.026177087113804495,0.048888326
194,7233,2383872,1139.9165706699998,982.61,329,5e-05,0.37447775062173605,0.5241292317708334,0.2,0.14579923450946808,0.12140524387359619,6.9994124631086985,0.9945326447486877,19820,-0.03371897099471729,0.07324705
195,7233,2396160,1142.09005375,982.61,331,5e-05,0.9273650638759137,0.45242513020833336,0.2,0.14567671716213226,0.18239563703536987,7.008675247430801,0.9910359382629395,19830,-0.03162299210283284,0.057023834
196,7234,2408448,1134.28802753,974.38,332,5e-05,2.756630838041504,0.47001953125,0.2,0.14567036926746368,0.24766004085540771,7.016715482870738,0.9708727598190308,19840,-0.017412877531023697,0.05997312
197,7234,2420736,1124.72363116,969.55,334,5e-05,1.5662086127946775,0.4392496744791667,0.2,0.14568428695201874,0.15872003138065338,7.018765994906426,0.9876483678817749,19850,-0.020485209054216587,0.045343656
198,7235,2433024,1110.1456517,955.6,336,5e-05,2.616554858411352,0.4810791015625,0.2,0.14567992091178894,2.156357765197754,7.020210068424543,0.9762624502182007,19860,-0.018052986456799164,0.0668988
199,7235,2445312,1091.20041843,943.64,337,5e-05,6.691645640383164,0.34237467447916664,0.2,0.1456242948770523,1.329097867012024,7.024563823143641,0.9725768566131592,19870,-0.02220753616032501,0.03111352
200,7235,2457600,1099.25276686,945.5,339,5e-05,1.5604398633663854,0.5909749348958333,0.2,0.14555253088474274,0.9589756727218628,7.02623289724191,0.986995279788971,19880,-0.010279682300946055,0.09749719
201,7234,2469888,1089.56419363,932.68,341,5e-05,1.057057846710086,0.5469970703125,0.2,0.1457040011882782,1.020504117012024,7.021832898259163,0.9847174882888794,19890,-0.013117936811371085,0.08236358
202,7234,2482176,1096.45273959,936.05,343,5e-05,2.208348981042703,0.497509765625,0.2,0.1456226110458374,0.7092127203941345,7.01653502980868,0.9880286455154419,19900,-0.02353541592989738,0.06939316
203,7235,2494464,1089.78112425,933.13,344,5e-05,2.2245101018498343,0.569775390625,0.2,0.14566569030284882,1.1875783205032349,7.017179946104686,0.8878767490386963,19910,-0.014290587780609106,0.09291172
204,7235,2506752,1095.22501793,936.73,346,5e-05,2.1331216815859078,0.551318359375,0.2,0.14558802545070648,1.7759383916854858,7.014452022314072,0.9794089794158936,19920,-0.02043434260704089,0.07853026
205,7235,2519040,1123.33213362,952.65,348,5e-05,2.826671007523934,0.5265380859375,0.2,0.14552973210811615,0.5563163757324219,7.020134697357814,0.9870296716690063,19930,-0.012503115563110139,0.10421475
206,7235,2531328,1130.4915718900002,959.88,349,5e-05,0.3020991305199762,0.6317057291666667,0.2,0.1456681191921234,0.09519171714782715,7.0119490146636965,0.9864031672477722,19940,-0.0157301246644541,0.117665894
207,7236,2543616,1144.3123008,967.44,351,5e-05,2.3715437720219295,0.4751708984375,0.2,0.1456700563430786,0.9163617491722107,7.008132747809092,0.9735357165336609,19950,-0.015190558065175235,0.058345508
208,7236,2555904,1146.0306920799999,973.33,353,5e-05,0.31893006802226104,0.5882080078125,0.2,0.1455453485250473,0.07110588252544403,7.012696631749471,0.9913544654846191,19960,-0.025410448329057544,0.10005889
209,7236,2568192,1156.7511237200001,986.15,354,5e-05,0.36947351216028135,0.5414957682291667,0.2,0.1455845981836319,0.10155998915433884,7.012149253487587,0.9907268285751343,19970,-0.033279663122084455,0.07972913
210,7236,2580480,1159.57648434,986.15,356,5e-05,0.30623442875221374,0.5321533203125,0.2,0.14542819559574127,0.0565783828496933,7.0172952304283776,0.9909887313842773,19980,-0.03041999803778405,0.07692202
211,7237,2592768,1165.52157564,989.07,358,5e-05,0.23102251139159005,0.4977783203125,0.2,0.14532619714736938,0.044207386672496796,7.026238904396693,0.9956043362617493,19990,-0.03445921809373734,0.064585276
212,7236,2605056,1170.5853672,989.07,359,5e-05,0.26963827420646946,0.4867350260416667,0.2,0.145124614238739,0.0817091166973114,7.0371657649676,0.9953715205192566,20000,-0.03432520629818706,0.061145287
213,7234,2617344,1174.25803885,993.7,361,5e-05,0.21992699106534322,0.4922119140625,0.2,0.1449500173330307,0.03868406265974045,7.048777396480243,0.9922701716423035,20010,-0.03275848424673313,0.06640915
214,7233,2629632,1186.0805015900003,1000.0,363,5e-05,0.23485306020205218,0.5069498697916667,0.2,0.1449594348669052,0.05137074738740921,7.054363868633906,0.9918445944786072,20020,-0.030288472956453916,0.06760169
215,7232,2641920,1169.55933666,991.01,365,5e-05,0.31008873727793496,0.4999267578125,0.2,0.14501962065696716,0.1078910082578659,7.055520848433177,0.9905601739883423,20030,-0.036999729451296544,0.06954815
216,7231,2654208,1158.7520027799999,984.62,367,5e-05,2.2367450875540573,0.4001057942708333,0.2,0.14502449333667755,1.0610458850860596,7.059008894364039,0.9645077586174011,20040,-0.01754286764844437,0.03918278
217,7225,2666496,1158.7784087100001,984.62,369,5e-05,1.9658673683181405,0.4639892578125,0.2,0.14494286477565765,0.9483649134635925,7.065143256386121,0.978583574295044,20050,-0.019583003371371886,0.058845956
218,7224,2678784,1158.14956659,984.62,370,5e-05,0.3245967961847782,0.5567301432291667,0.2,0.14480985701084137,0.09915095567703247,7.072837534546852,0.9858529567718506,20060,-0.027491890146241833,0.08555883
219,7224,2691072,1146.92175202,976.2,372,5e-05,0.2398458738811314,0.5294026692708333,0.2,0.1446538120508194,0.09422247111797333,7.091022594769796,0.992804765701294,20070,-0.02822098704248977,0.07384502
220,7223,2703360,1142.93232189,976.2,374,5e-05,4.037566059579452,0.4361979166666667,0.2,0.1445409059524536,0.17234539985656738,7.102419201532999,0.9578073024749756,20080,-0.018537123159815868,0.046403628
221,7223,2715648,1141.2203251799997,976.2,375,5e-05,0.23948962977156044,0.522998046875,0.2,0.14464887976646423,0.047086965292692184,7.10449108282725,0.9894924759864807,20090,-0.030571416751869643,0.078829624
222,7223,2727936,1134.35433584,967.85,377,5e-05,0.2643164955700437,0.5277506510416666,0.2,0.1446678638458252,0.11823324859142303,7.101126345992088,0.9922195672988892,20100,-0.027580387684914363,0.07468084
223,7222,2740224,1137.86438154,970.07,379,5e-05,0.5991413391195237,0.48019205729166664,0.2,0.1447010040283203,0.19266390800476074,7.098248689373334,0.9871464371681213,20110,-0.024509633929119444,0.063237645
224,7219,2752512,1148.5623608,976.46,381,5e-05,2.178414633994301,0.44161783854166664,0.2,0.14462262392044067,0.19765618443489075,7.101010318597158,0.964592695236206,20120,-0.017888919851975514,0.05713615
225,7219,2764800,1134.6158537899998,968.28,382,5e-05,0.36579450222974025,0.5261881510416667,0.2,0.1446043848991394,0.10134323686361313,7.104976207017899,0.9925985932350159,20130,-0.02992399373470107,0.07668162
226,7217,2777088,1136.3180880999998,968.7,384,5e-05,2.3921437675133346,0.35979817708333334,0.2,0.1445281207561493,2.3011562824249268,7.10897722641627,0.9749906659126282,20140,-0.021918738480114067,0.032288022
227,7213,2789376,1142.3258518400003,973.74,386,5e-05,1.0545311513667306,0.5255859375,0.2,0.14454026520252228,0.33592191338539124,7.1097412745157875,0.9884599447250366,20150,-0.01670262647482256,0.07464186
228,7209,2801664,1140.90981596,973.74,388,5e-05,0.3076647995350262,0.5624755859375,0.2,0.1444224864244461,0.0629153624176979,7.109952666362127,0.9848109483718872,20160,-0.028903584599417324,0.08250305
229,7206,2813952,1132.88861552,971.64,390,5e-05,0.8550977318858107,0.5325764973958333,0.2,0.14453567564487457,0.607898473739624,7.111331043640773,0.9766896963119507,20170,-0.023926646722732887,0.07846376
230,7201,2826240,1134.0196575900002,979.99,392,5e-05,1.9328480493898192,0.47781575520833336,0.2,0.14454883337020874,0.4057120084762573,7.107456518212954,0.9665886163711548,20180,-0.017985826448420995,0.059622675
231,7196,2838528,1146.18091925,986.76,394,5e-05,0.2686948729058107,0.549609375,0.2,0.14457537233829498,0.11485625058412552,7.109823645154635,0.9863033294677734,20190,-0.024442857302104434,0.077687256
232,7193,2850816,1145.14460149,986.76,396,5e-05,0.4350370175515612,0.5258056640625,0.2,0.14461545646190643,0.1414334774017334,7.113106806079546,0.9821382761001587,20200,-0.030308269882031405,0.07220376
233,7193,2863104,1150.9542104599998,986.08,398,5e-05,0.4267335563277205,0.5093587239583334,0.2,0.14454369246959686,0.09401118755340576,7.117999191085498,0.9832940697669983,20210,-0.029818004918827985,0.06894996
234,7193,2875392,1146.20722907,980.24,399,5e-05,0.7918913969149192,0.48658854166666665,0.2,0.14420871436595917,0.1436699628829956,7.13795731763045,0.9708570837974548,20220,-0.02276356741883016,0.062493514
235,7194,2887680,1142.72651908,980.24,401,5e-05,1.7733643836031356,0.4423828125,0.2,0.14422090351581573,0.46470627188682556,7.151889037092527,0.9795647859573364,20230,-0.023372896805328006,0.055756737
236,7194,2899968,1141.56975789,980.24,403,5e-05,0.9800954134513934,0.5077473958333333,0.2,0.14414651691913605,0.4803341031074524,7.153800955414772,0.9818282127380371,20240,-0.026593330495719176,0.07309937
237,7194,2912256,1152.9112693,982.34,404,5e-05,0.3133473289820055,0.5430257161458333,0.2,0.14418630301952362,0.08969143033027649,7.155504609147708,0.9826535582542419,20250,-0.03423155386990402,0.078399085
238,7195,2924544,1148.1593651599999,982.34,406,5e-05,0.5664537367100517,0.5213541666666667,0.2,0.14404724538326263,0.11928268522024155,7.15926194190979,0.9860325455665588,20260,-0.026663165233912878,0.07848093
239,7195,2936832,1145.34031579,982.34,408,5e-05,0.3391168932740887,0.5251708984375,0.2,0.14387410879135132,0.08845794945955276,7.175039326151212,0.9873452186584473,20270,-0.030711892086158817,0.082660474
240,7196,2949120,1147.8782987799998,982.34,409,5e-05,0.3073482573032379,0.506103515625,0.2,0.14385701715946198,0.09174428135156631,7.185395827889442,0.9935182929039001,20280,-0.03418171023367904,0.06625214
241,7196,2961408,1155.9749675899998,990.53,411,5e-05,0.2757179126764337,0.49734700520833336,0.2,0.1439221352338791,0.07243676483631134,7.186639102300008,0.994247555732727,20290,-0.030332588375313208,0.06877692
242,7193,2973696,1163.92308859,997.97,413,5e-05,0.4819299384020269,0.4848388671875,0.2,0.14376004040241241,0.17670577764511108,7.194135890404383,0.9834617376327515,20300,-0.02558024960841673,0.06262932
243,7192,2985984,1159.9284921600001,993.2,415,5e-05,1.1674626434842745,0.43899739583333336,0.2,0.14371860027313232,0.16856548190116882,7.20480781296889,0.9854674935340881,20310,-0.02537890711852621,0.052600462
244,7190,2998272,1160.7451263100002,993.2,417,5e-05,1.982832712555925,0.486767578125,0.2,0.14371202886104584,2.3029215335845947,7.210225393374761,0.9896580576896667,20320,-0.018636302597102864,0.06813625
245,6474,3010560,1162.4335370800002,993.2,464,5e-05,0.3138861783469717,0.5453369140625,0.2,0.14374810457229614,0.12747199833393097,7.207239025831223,0.9878600239753723,20330,-0.029352396497658143,0.08143162
246,6408,3022848,1169.44445131,993.2,471,5e-05,0.398125575731198,0.5252685546875,0.2,0.143645241856575,0.13159576058387756,7.2125710397958755,0.9757669568061829,20340,-0.033801067408542926,0.07648656
247,6410,3035136,1174.2436245299998,993.2,473,5e-05,0.27605904697751005,0.5149820963541667,0.2,0.14342541992664337,0.04721212387084961,7.2300337821245195,0.9940670132637024,20350,-0.032566577555068456,0.07275718
248,6411,3047424,1169.1171669400003,988.28,475,5e-05,0.21418085092057784,0.4943115234375,0.2,0.14337924122810364,0.06618751585483551,7.241018976767858,0.9947191476821899,20360,-0.03275964171722687,0.06769815
249,6388,3059712,1165.39976538,983.45,478,5e-05,1.775386849542459,0.43711751302083335,0.2,0.1434076428413391,0.1354360431432724,7.242293687661489,0.9726352691650391,20370,-0.018648023248048654,0.04691039
250,6363,3072000,1166.04074783,984.81,482,5e-05,1.780523802743604,0.488134765625,0.2,0.14342303574085236,0.11321131885051727,7.241034282247226,0.9777764678001404,20380,-0.020373013090284074,0.05859995
251,6365,3084288,1169.2491396900002,988.75,484,5e-05,0.2504493117642899,0.5368815104166667,0.2,0.14313989877700806,0.054215893149375916,7.250727245211602,0.992100179195404,20390,-0.025904172290271768,0.07915784
252,6365,3096576,1170.8906176,987.35,486,5e-05,1.1435869353512922,0.4758056640625,0.2,0.14315786957740784,0.2844577133655548,7.2606048802534735,0.9556256532669067,20400,-0.020852173404515877,0.0658153
253,6278,3108864,1163.7780726600001,982.8,495,5e-05,1.4410584072271984,0.5026204427083333,0.2,0.14313381910324097,1.1905341148376465,7.26343134144942,0.9748265147209167,20410,-0.018029738698290505,0.06039381
254,6188,3121152,1165.65936881,982.8,504,5e-05,1.0471158547947803,0.5060872395833333,0.2,0.14314481616020203,1.9088181257247925,7.2668634613355,0.9868638515472412,20420,-0.026661664472097377,0.06793644
255,6143,3133440,1166.8219142900002,982.8,510,5e-05,0.2327982098174592,0.5513427734375,0.2,0.1431497484445572,0.0594245009124279,7.2678901265064875,0.9905881285667419,20430,-0.028231407764057317,0.08307315
256,6143,3145728,1175.27882462,987.19,512,5e-05,0.28633622772370776,0.5128499348958333,0.2,0.14302214980125427,0.08594635128974915,7.273608848452568,0.988056480884552,20440,-0.03232544309673055,0.06972984
257,6146,3158016,1181.50159188,992.69,513,5e-05,1.3836946352384984,0.4566243489583333,0.2,0.1429896503686905,1.6760165691375732,7.278359922766685,0.987729549407959,20450,-0.019129245771910063,0.054350276
258,6149,3170304,1171.55890155,985.61,515,5e-05,0.3587056950976451,0.5358072916666666,0.2,0.14299702644348145,0.07111082226037979,7.278235121568044,0.9901363849639893,20460,-0.032561054006995015,0.076461494
259,6144,3182592,1144.99474596,966.36,517,5e-05,1.4116855268677075,0.4358154296875,0.2,0.14290080964565277,0.6587125062942505,7.284828511873881,0.9800453782081604,20470,-0.021920170314842835,0.047407698
260,6076,3194880,1127.59870266,955.48,525,5e-05,1.3882248794659973,0.495654296875,0.2,0.14278383553028107,0.15506622195243835,7.2909496059020364,0.9741690158843994,20480,-0.020140261120104697,0.064941384
261,6032,3207168,1133.0004301300003,956.43,531,5e-05,3.4301293013617395,0.3904947916666667,0.2,0.1426694393157959,1.8560199737548828,7.3051916072765986,0.9842429161071777,20490,-0.021328361807779098,0.039169665
262,5985,3219456,1123.00001408,952.0,537,5e-05,1.9873888506864508,0.5208821614583333,0.2,0.14262430369853973,0.29328471422195435,7.310634620984396,0.980307936668396,20500,-0.021328655588634622,0.076800376
263,5945,3231744,1113.4899578,948.96,543,5e-05,0.4151243684192499,0.5966552734375,0.2,0.1425214260816574,0.16511297225952148,7.316116547584533,0.9865765571594238,20510,-0.008460672878815483,0.10219195
264,5905,3244032,1110.00301109,948.18,549,5e-05,3.157050406870743,0.43711751302083335,0.2,0.14241869747638702,1.4298925399780273,7.329230851928393,0.978600263595581,20520,-0.01928588290368983,0.04287526
265,5867,3256320,1101.9451152700003,939.43,554,5e-05,1.9237293075770139,0.5455973307291667,0.2,0.14246632158756256,0.12481770664453506,7.3301266203324,0.9814372062683105,20530,-0.01623213040099169,0.078365006
266,5857,3268608,1123.01804774,957.74,558,5e-05,1.8240098894263308,0.5209554036458334,0.2,0.14233238995075226,0.13078372180461884,7.332109998663267,0.982603132724762,20540,-0.019337755361145053,0.07007409
267,4434,3280896,1117.96210344,952.53,739,5e-05,0.5135919987224042,0.5901529947916667,0.2,0.14236871898174286,0.15426838397979736,7.333762961626053,0.9852220416069031,20550,-0.026246149887447244,0.09761723
268,4440,3293184,1124.2737445599998,958.93,741,5e-05,1.4553769423315923,0.5015380859375,0.2,0.14228443801403046,0.3130820393562317,7.335190011064212,0.9846007823944092,20560,-0.02221157428769705,0.073653795
269,4446,3305472,1129.5452982799998,962.53,743,5e-05,0.9688994595160086,0.5358805338541667,0.2,0.14207004010677338,1.0501060485839844,7.347987542549769,0.9861804842948914,20570,-0.015125762093036125,0.081247546
270,4438,3317760,1127.80980455,961.15,747,5e-05,0.637038175171862,0.5576334635416667,0.2,0.14216859638690948,0.10242757201194763,7.354347961147626,0.9860109090805054,20580,-0.020893695760363092,0.089206874
271,4413,3330048,1121.2516513299997,951.76,754,5e-05,4.273919703190526,0.42389322916666666,0.2,0.1421276181936264,4.766634464263916,7.351700632770856,0.973392128944397,20590,-0.016429627893861227,0.048588943
272,4398,3342336,1114.4936074200002,947.15,759,5e-05,2.1711751820519565,0.4834228515625,0.2,0.14205025136470795,1.1033470630645752,7.358229492108027,0.9907536506652832,20600,-0.021266316699620803,0.07070673
273,4382,3354624,1099.35730394,938.65,765,5e-05,1.4978723969310521,0.5459065755208333,0.2,0.14212726056575775,1.1470807790756226,7.359587615728378,0.987457811832428,20610,-0.022941878621350043,0.078674145
274,4365,3366912,1112.5004251399998,943.81,771,5e-05,1.3589730866874257,0.5564534505208333,0.2,0.1421181559562683,0.33602175116539,7.355097287893296,0.9870521426200867,20620,-0.01605781830245784,0.0806262
275,4360,3379200,1113.68977419,945.16,774,5e-05,0.3204996495818098,0.5950032552083333,0.2,0.14220398664474487,0.0738341212272644,7.346294514338175,0.9911357760429382,20630,-0.02725876634552454,0.104214706
276,4365,3391488,1111.31729762,945.16,776,5e-05,3.4085594983150562,0.43089192708333335,0.2,0.1421453356742859,1.3734198808670044,7.345148786902428,0.9743610620498657,20640,-0.022974676787271164,0.044245113
277,4371,3403776,1103.94910176,938.49,778,5e-05,0.38768846383318306,0.5961018880208333,0.2,0.14213810861110687,0.11818243563175201,7.348188718159993,0.9804133176803589,20650,-0.01821682873996906,0.09860933
278,4377,3416064,1089.7957488499999,932.5,780,5e-05,1.6512178019310038,0.48732096354166665,0.2,0.1421075016260147,0.45750802755355835,7.351881974935532,0.9853314757347107,20660,-0.021939924831773774,0.071453996
279,4383,3428352,1095.7362219999998,938.76,782,5e-05,2.5312541679168743,0.4724934895833333,0.2,0.14200472831726074,1.348545789718628,7.358863553404808,0.9877899885177612,20670,-0.02419368402430943,0.062018905
280,4390,3440640,1100.1157371499999,941.66,783,5e-05,0.35648630239690343,0.586376953125,0.2,0.14211571216583252,0.15408536791801453,7.363082006573677,0.9908974766731262,20680,-0.02312065587611869,0.10141931
281,4394,3452928,1112.2317332999999,950.69,785,5e-05,1.351086065856119,0.49081217447916664,0.2,0.14201904833316803,0.20802505314350128,7.367534549037615,0.9790911078453064,20690,-0.020948592303708817,0.05990513
282,4397,3465216,1107.4112492499999,950.69,787,5e-05,0.6991222758156558,0.5294108072916667,0.2,0.14199857413768768,0.12723809480667114,7.3740708043177925,0.9939834475517273,20700,-0.02676333258568775,0.081303395
283,4400,3477504,1124.3726572699998,964.12,790,5e-05,0.39747973618408045,0.5615234375,0.2,0.1421246975660324,0.15141966938972473,7.368425464630127,0.9867554903030396,20710,-0.02593869871343486,0.09131428
284,4396,3489792,1123.8533211200001,964.12,793,5e-05,0.3553421243404349,0.5207926432291666,0.2,0.14188669621944427,0.0793839544057846,7.374403832356135,0.9916939735412598,20720,-0.033485172228635444,0.072723776
285,4399,3502080,1135.6030363,972.44,795,5e-05,0.27630645083263516,0.5110188802083333,0.2,0.14176739752292633,0.0977831557393074,7.389450185497602,0.9903685450553894,20730,-0.03209044518880546,0.07196184
286,4404,3514368,1162.53791178,988.76,797,5e-05,0.41301911942039926,0.507080078125,0.2,0.14166148006916046,0.13672423362731934,7.40085055232048,0.9860425591468811,20740,-0.03466897386824712,0.06945935
287,4410,3526656,1154.17057338,980.77,799,5e-05,0.229633290382723,0.5085205078125,0.2,0.1414284110069275,0.061094656586647034,7.418243550260862,0.9895119071006775,20750,-0.03306149241883152,0.073438674
288,4414,3538944,1149.7318474400001,974.72,801,5e-05,1.9366954584916434,0.43519694010416665,0.2,0.14132694900035858,1.8130879402160645,7.432888359824816,0.9737046957015991,20760,-0.01769406469926859,0.048718233
289,4419,3551232,1143.25173628,973.69,803,5e-05,1.6154416060075163,0.4720865885416667,0.2,0.14134353399276733,0.5196714401245117,7.437018102407455,0.9759172201156616,20770,-0.01963713210570859,0.066762
290,4424,3563520,1148.76242736,973.69,805,5e-05,0.8529096455002825,0.5121256510416666,0.2,0.14122571051120758,0.1469472348690033,7.445233297348023,0.9898470044136047,20780,-0.021545970061561094,0.08265903
291,4430,3575808,1150.7679006,973.69,807,5e-05,0.927342414483428,0.5091959635416666,0.2,0.14113283157348633,0.3449861705303192,7.451303142309189,0.9690387845039368,20790,-0.022641892778725983,0.07032597
292,4435,3588096,1153.80067344,973.69,808,5e-05,0.3283974061720073,0.5361165364583333,0.2,0.14093336462974548,0.07232338190078735,7.465561816096306,0.9912297129631042,20800,-0.02873050270427484,0.08018252
293,4440,3600384,1154.29201678,973.69,810,5e-05,0.23084674598649144,0.5226318359375,0.2,0.14081591367721558,0.059580881148576736,7.480301481485367,0.9954329133033752,20810,-0.03071112919036144,0.0804877
294,4446,3612672,1141.27423706,964.38,812,5e-05,0.299479192836831,0.52685546875,0.2,0.14065057039260864,0.08078940957784653,7.492171604434649,0.9924192428588867,20820,-0.03188809160492383,0.087225944
295,4451,3624960,1147.97456978,972.37,814,5e-05,1.1241631163594623,0.475341796875,0.2,0.14061251282691956,0.11261911690235138,7.50078351199627,0.9618306159973145,20830,-0.02029467670751425,0.05891861
296,4456,3637248,1163.8746915899999,981.44,816,5e-05,0.2751607593148947,0.5156331380208333,0.2,0.1405225247144699,0.0572853721678257,7.507406419515609,0.9955496788024902,20840,-0.026843516235627855,0.08012434
297,4462,3649536,1164.9951686099998,980.6,817,5e-05,0.3291666644004484,0.5089111328125,0.2,0.14048554003238678,0.0894731879234314,7.507540309429169,0.9925015568733215,20850,-0.03178292658994906,0.07618878
298,4468,3661824,1159.56436466,979.84,819,5e-05,1.7426379847029845,0.4018798828125,0.2,0.14057449996471405,0.6015892028808594,7.508159425854683,0.9815047383308411,20860,-0.02228771864659696,0.04265334
299,4473,3674112,1162.02054515,979.84,821,5e-05,0.4409527532756329,0.5430094401041666,0.2,0.14043675363063812,0.15695315599441528,7.5111378540595375,0.9929687976837158,20870,-0.026831054314000843,0.08029937
300,4479,3686400,1160.91155361,979.84,822,5e-05,0.20601218519732356,0.5427652994791666,0.2,0.14028170704841614,0.04483687877655029,7.520506552855173,0.9911502599716187,20880,-0.027345244633033873,0.08127059
301,4484,3698688,1156.72985162,979.84,824,5e-05,0.26889577886710564,0.5255289713541667,0.2,0.14019756019115448,0.07120375335216522,7.531620861093203,0.9818899631500244,20890,-0.027735057023043432,0.076802865
302,4489,3710976,1172.84519787,989.15,826,5e-05,0.5419890981167554,0.5007893880208333,0.2,0.14015978574752808,0.168136328458786,7.536701034506162,0.9928154349327087,20900,-0.023627787615987474,0.06898869
303,4494,3723264,1163.0193090100001,980.46,828,5e-05,0.225656262319535,0.5005859375,0.2,0.14020709693431854,0.0661730244755745,7.537762344876925,0.9933773279190063,20910,-0.034236050561109246,0.0673837
304,4499,3735552,1166.0393455000003,981.44,830,5e-05,0.5886840573512018,0.4775390625,0.2,0.14006108045578003,0.10053639113903046,7.542200983564059,0.9624177813529968,20920,-0.019447850317616637,0.05591109
305,4503,3747840,1169.2179755999998,981.39,832,5e-05,0.4364615281422933,0.5136067708333333,0.2,0.13994692265987396,0.3134397566318512,7.554693035284678,0.987076461315155,20930,-0.029375464939706337,0.06813445
306,4507,3760128,1167.67123121,980.78,834,5e-05,3.6756045318519077,0.38079427083333334,0.2,0.1399184614419937,1.6988887786865234,7.5618416984876,0.9732699990272522,20940,-0.020453497879983237,0.039189726
307,4512,3772416,1160.2410655499998,972.45,836,5e-05,1.72846485649546,0.4873046875,0.2,0.13991211354732513,0.18697130680084229,7.563634882370631,0.9807103276252747,20950,-0.024434123379372372,0.06572399
308,4517,3784704,1153.65867784,970.91,837,5e-05,0.5431333910673857,0.53583984375,0.2,0.14005665481090546,0.06563596427440643,7.561635063091914,0.984832763671875,20960,-0.019059291645923317,0.07537434
309,4522,3796992,1154.43847572,967.3,839,5e-05,4.336864184836546,0.4394612630208333,0.2,0.14003251492977142,1.4346870183944702,7.558863778909047,0.9612835049629211,20970,-0.019486806129134494,0.048155334
310,4526,3809280,1137.3474770100001,960.03,841,5e-05,5.779317157218854,0.38116048177083334,0.2,0.1400105208158493,2.856933116912842,7.561719751358032,0.9769806861877441,20980,-0.023666774797796584,0.04676987
311,4531,3821568,1140.65044812,964.15,843,5e-05,1.2399943781395752,0.608447265625,0.2,0.13999955356121063,0.65086829662323,7.562211686372757,0.9880632758140564,20990,-0.019004362576136677,0.1001123
312,4537,3833856,1116.18540915,948.77,844,5e-05,2.439247772842646,0.5219807942708333,0.2,0.1400177776813507,1.2992140054702759,7.56435216665268,0.9845539927482605,21000,-0.014273481902394754,0.077384934
313,4541,3846144,1115.3515316799999,949.58,846,5e-05,6.333740841348966,0.3996663411458333,0.2,0.1399620771408081,1.5863609313964844,7.568110741178194,0.9745476841926575,21010,-0.024538872697545837,0.04166998
314,4546,3858432,1097.37280541,933.93,848,5e-05,1.259729265111188,0.6336588541666667,0.2,0.14019156992435455,0.16060833632946014,7.558506420254707,0.9806544184684753,21020,-0.010443127589436092,0.11145956
315,4552,3870720,1100.95415886,937.31,850,5e-05,1.3972687692071,0.5515625,0.2,0.14018990099430084,0.5506108999252319,7.548408276836077,0.9857132434844971,21030,-0.020244651392325373,0.0837002
316,4557,3883008,1107.9285372,939.1,851,5e-05,6.206985475122929,0.35491536458333334,0.2,0.14005930721759796,2.2204439640045166,7.555727794766426,0.9679118394851685,21040,-0.027494457418409488,0.03902011
317,4563,3895296,1110.6237603600002,939.34,853,5e-05,0.8070320178444187,0.6171223958333333,0.2,0.14014025032520294,0.22096194326877594,7.558850239713987,0.9869884848594666,21050,-0.019292946913143774,0.13900954
318,4568,3907584,1118.61718102,943.3,855,5e-05,2.0394740228851638,0.516455078125,0.2,0.14009882509708405,0.5860881209373474,7.554483968019485,0.9731571078300476,21060,-0.014557463615589464,0.06613979
319,4573,3919872,1117.6693144399999,942.01,857,5e-05,0.3763417867943645,0.5930989583333334,0.2,0.14001676440238953,0.07048159092664719,7.5598451336224874,0.9854930639266968,21070,-0.029151620857495193,0.09867703
320,4579,3932160,1139.00547953,958.36,858,5e-05,1.3336484021196762,0.5038736979166667,0.2,0.1400357335805893,0.8496057987213135,7.56492404739062,0.9890773892402649,21080,-0.022111740634621433,0.069564216
321,4584,3944448,1136.96303383,958.36,860,5e-05,1.5767741333072385,0.5177327473958333,0.2,0.13996928930282593,0.3771716356277466,7.564769912759463,0.985807478427887,21090,-0.023254911385204954,0.07027813
322,4589,3956736,1153.54761846,974.62,862,5e-05,0.7435459536810716,0.5762613932291667,0.2,0.13995537161827087,0.17019394040107727,7.562443624933561,0.9833675026893616,21100,-0.026476877259362177,0.09721037
323,4595,3969024,1152.09372114,974.62,863,5e-05,0.27982370142514507,0.5570719401041667,0.2,0.13993953168392181,0.09789065271615982,7.561798756321271,0.9932560920715332,21110,-0.03168695290902785,0.0849658
324,4600,3981312,1159.87497011,980.59,865,5e-05,0.30556295517211157,0.5236002604166666,0.2,0.1398802399635315,0.11711084842681885,7.5642673393090565,0.995467483997345,21120,-0.028812266190652736,0.077945404
325,4606,3993600,1169.30934269,987.99,867,5e-05,0.4026643537916243,0.5114176432291667,0.2,0.13971638679504395,0.10864681750535965,7.5744334320227305,0.9919600486755371,21130,-0.02895442761024848,0.07292609
326,4611,4005888,1164.1732078999999,986.66,868,5e-05,1.126470627139012,0.4567057291666667,0.2,0.1398026943206787,0.14415884017944336,7.575125285983086,0.9794533252716064,21140,-0.023317459640384185,0.05478828
327,4616,4018176,1149.2645671,975.01,870,5e-05,0.37924516427641114,0.535888671875,0.2,0.13969846069812775,0.09387104958295822,7.579510363936424,0.9913316965103149,21150,-0.03232427186643084,0.07603049
328,4621,4030464,1163.6815825,983.15,872,5e-05,1.410679986452063,0.4509521484375,0.2,0.1395922601222992,0.6733091473579407,7.588823466499647,0.9816694259643555,21160,-0.021695066969550682,0.05418873
329,4626,4042752,1160.9807447599999,981.03,873,5e-05,0.3070788620971143,0.5503580729166667,0.2,0.13949720561504364,0.10153840482234955,7.59737418393294,0.990802526473999,21170,-0.028048341696072992,0.09311244
330,4631,4055040,1161.37285516,981.03,875,5e-05,0.9383928833529354,0.48582356770833335,0.2,0.1393519788980484,0.12600292265415192,7.609495570262273,0.9585394263267517,21180,-0.022231458218690627,0.06638699
331,4636,4067328,1156.8227088699998,978.34,877,5e-05,0.326607206184417,0.53232421875,0.2,0.13925908505916595,0.11535454541444778,7.620692984263102,0.9876510500907898,21190,-0.03174333535765375,0.07751588
332,4640,4079616,1150.9100550199998,978.34,879,5e-05,1.6612960091481606,0.4598388671875,0.2,0.13913515210151672,0.15009450912475586,7.626913556456566,0.9423636198043823,21200,-0.017338017216146303,0.051403362
333,4646,4091904,1144.18604934,971.03,880,5e-05,0.5466235442707936,0.5447102864583333,0.2,0.13891911506652832,0.15367594361305237,7.641373702883721,0.9846611618995667,21210,-0.028655753274506424,0.08717537
334,4651,4104192,1129.84537723,963.77,882,5e-05,2.7536332068343956,0.4494547526041667,0.2,0.13882514834403992,0.824217677116394,7.652515016992887,0.9715530872344971,21220,-0.020724594741962695,0.04964907
335,4656,4116480,1145.22851793,974.69,884,5e-05,1.2999643126502634,0.5325439453125,0.2,0.13857662677764893,0.18224704265594482,7.664374762773514,0.9860410690307617,21230,-0.020755301194731145,0.08120707
336,4661,4128768,1136.42830798,970.84,885,5e-05,0.5983692583317558,0.5498942057291667,0.2,0.13852459192276,0.23366037011146545,7.669986682136853,0.9893590807914734,21240,-0.021655291808807913,0.09044033
337,4666,4141056,1135.9506777499998,967.96,887,5e-05,0.5113610344318053,0.5555501302083333,0.2,0.13838143646717072,0.38211485743522644,7.677776814500491,0.9870514869689941,21250,-0.018170579735791156,0.085042916
338,4670,4153344,1137.1286790699999,967.96,889,5e-05,0.4265235668979585,0.5347086588541666,0.2,0.13819079101085663,0.16510960459709167,7.693124268452326,0.990764319896698,21260,-0.019637587123240034,0.07965919
339,4675,4165632,1142.1852603199995,970.65,890,5e-05,0.2529363715710739,0.5423909505208333,0.2,0.13826702535152435,0.10108959674835205,7.700773195425669,0.9866399168968201,21270,-0.027526016580911042,0.076994605
340,4680,4177920,1140.45203803,969.66,892,5e-05,1.345564944917957,0.4738037109375,0.2,0.13826870918273926,2.1225461959838867,7.696924511591593,0.9803624749183655,21280,-0.01586997566531257,0.062232327
341,4685,4190208,1121.7753673,949.23,894,5e-05,0.5465436162116627,0.535693359375,0.2,0.1382935494184494,0.21329078078269958,7.699597138166427,0.9890347719192505,21290,-0.014626215016081308,0.08025173
342,4690,4202496,1125.35016432,951.87,895,5e-05,1.8317866469422976,0.402001953125,0.2,0.1382094770669937,0.7561889886856079,7.701283412178357,0.9885121583938599,21300,-0.02333640399641202,0.045435697
343,4695,4214784,1138.1916951100002,956.47,897,5e-05,0.8587595439826449,0.5169514973958333,0.2,0.13828808069229126,0.22923095524311066,7.701658990979195,0.9752256870269775,21310,-0.015397843434766401,0.06800637
344,4700,4227072,1146.83923755,960.32,899,5e-05,0.43886475525796415,0.5659749348958333,0.2,0.13836973905563354,0.15061363577842712,7.693655967712402,0.9861812591552734,21320,-0.0198592318915568,0.1079359
345,4705,4239360,1149.5354446999997,965.32,900,5e-05,0.2654325490196546,0.560205078125,0.2,0.1385977864265442,0.0620557926595211,7.681978808840116,0.9938377141952515,21330,-0.030269094170459237,0.08797383
346,4710,4251648,1144.30405105,963.77,902,5e-05,0.30593506737301746,0.53271484375,0.2,0.1383330076932907,0.11384524405002594,7.690389279524485,0.9807483553886414,21340,-0.032668788077717184,0.07730017
347,4715,4263936,1142.56331194,961.18,904,5e-05,2.710205084333817,0.4136555989583333,0.2,0.1383294016122818,0.7542584538459778,7.703245989481608,0.9648703336715698,21350,-0.01733525414116836,0.041929763
348,4720,4276224,1133.73806132,957.16,905,5e-05,0.8157815311724941,0.5189778645833333,0.2,0.13816846907138824,0.15133190155029297,7.710572661956151,0.9862100481987,21360,-0.02079866136870502,0.066395946
349,4724,4288512,1155.61900384,977.08,907,5e-05,1.468859042475621,0.4811604817708333,0.2,0.1381138116121292,0.7443448305130005,7.719628651936849,0.9731865525245667,21370,-0.018398050215425125,0.06146493
350,4729,4300800,1146.70007688,965.89,909,5e-05,0.37278393053760134,0.5927001953125,0.2,0.13801918923854828,0.16408908367156982,7.729155128200849,0.9890514016151428,21380,-0.020601579383946956,0.1117852
351,4734,4313088,1142.6944036300001,965.89,911,5e-05,2.1429488824059564,0.4739176432291667,0.2,0.13792675733566284,0.6383693218231201,7.733106692632039,0.9805711507797241,21390,-0.014511630595370662,0.053132102
352,4738,4325376,1138.08299833,965.89,912,5e-05,0.30084524167080723,0.5776123046875,0.2,0.13804565370082855,0.1048661470413208,7.735128895441691,0.9924658536911011,21400,-0.026180474526093653,0.09651196
353,4743,4337664,1142.93244572,965.89,914,5e-05,0.40353519984831415,0.5497314453125,0.2,0.13812902569770813,0.16270005702972412,7.729158968726794,0.9898059964179993,21410,-0.02996628183076003,0.07612958
354,4747,4349952,1135.96004992,956.63,916,5e-05,0.2257856622338295,0.5237141927083333,0.2,0.13795240223407745,0.07518600672483444,7.733024522662163,0.9956002831459045,21420,-0.028789900804016118,0.08050678
355,4752,4362240,1141.69161195,960.21,917,5e-05,2.1025633234530687,0.4708984375,0.2,0.13789892196655273,0.3975569009780884,7.742615794142087,0.9846729636192322,21430,-0.02103141757058135,0.06414022
356,4756,4374528,1162.1136124200002,973.38,919,5e-05,0.4132251529333492,0.5555908203125,0.2,0.13771122694015503,0.10408467054367065,7.753602333863577,0.9901285767555237,21440,-0.027045784470586417,0.09167414
357,4761,4386816,1168.08073152,977.83,921,5e-05,0.29417122636611265,0.52509765625,0.2,0.13749495148658752,0.05816427245736122,7.7768246799707414,0.9947435259819031,21450,-0.029456948306566724,0.08003073
358,4766,4399104,1169.3204466799998,984.6,923,5e-05,1.1387379466866454,0.46909993489583335,0.2,0.13739867508411407,0.6173397898674011,7.791638660430908,0.9890557527542114,21460,-0.025626818327388414,0.060286164
359,4770,4411392,1161.6883744,978.49,924,5e-05,0.29136115458483497,0.5464925130208333,0.2,0.13732795417308807,0.04758336395025253,7.7978365331888195,0.992718517780304,21470,-0.023426720672675098,0.0847429
360,4775,4423680,1165.62087991,978.49,926,5e-05,1.8418706328918537,0.43936360677083336,0.2,0.1372786909341812,0.1439078003168106,7.804363320271174,0.9824474453926086,21480,-0.018863367688997337,0.04965092
361,4780,4435968,1155.5642246599998,978.05,927,5e-05,0.3711462444936236,0.5570556640625,0.2,0.1373276561498642,0.1276330053806305,7.8031142304341,0.9939229488372803,21490,-0.03104000669263769,0.09311082
362,4784,4448256,1169.71307342,988.86,929,5e-05,1.444491339723269,0.497607421875,0.2,0.1373336762189865,2.267634153366089,7.79987249771754,0.9883881211280823,21500,-0.02244213678544232,0.065270886
363,4789,4460544,1160.76950732,980.17,931,5e-05,1.2264449533695976,0.5211181640625,0.2,0.13727286458015442,0.7994260787963867,7.802866602937381,0.9847808480262756,21510,-0.02229951540551459,0.074229114
364,4793,4472832,1151.30615075,976.31,933,5e-05,1.1873185229177277,0.5197347005208334,0.2,0.1372555047273636,1.2061821222305298,7.8068593591451645,0.9855331778526306,21520,-0.01889467035944108,0.06804911
365,4798,4485120,1157.17088467,980.9,934,5e-05,1.014901183669766,0.51591796875,0.2,0.13735325634479523,0.12455509603023529,7.808881933490436,0.9884910583496094,21530,-0.025219030001123126,0.069021866
366,4802,4497408,1151.84030468,974.53,936,5e-05,0.3058423581222693,0.5699381510416667,0.2,0.13722427189350128,0.07571526616811752,7.808479768037796,0.9918635487556458,21540,-0.028630455513484775,0.08893732
367,4806,4509696,1159.8542620599999,980.64,938,5e-05,2.0731142989049354,0.428369140625,0.2,0.137114480137825,0.7893252968788147,7.816587196787198,0.9833831787109375,21550,-0.02395619802894847,0.047255695
368,4809,4521984,1144.0316817799999,970.41,940,5e-05,0.5329829653414587,0.5812825520833333,0.2,0.13716448843479156,0.1932140588760376,7.8180772741635645,0.9783492088317871,21560,-0.02391610226574509,0.09918821
369,4814,4534272,1145.0787686199997,970.85,941,5e-05,1.4087812850251793,0.4907145182291667,0.2,0.13702969253063202,0.3005106747150421,7.82559236685435,0.9780177474021912,21570,-0.017356176720932127,0.06097639
370,4818,4546560,1142.77800251,969.01,943,5e-05,0.3067720368504524,0.5685221354166666,0.2,0.13730736076831818,0.0749904066324234,7.821439930796624,0.9899652600288391,21580,-0.026578517835150705,0.09311286
371,4821,4558848,1148.8750593800003,977.7,945,5e-05,1.6054600217690072,0.4986572265625,0.2,0.1372625082731247,0.4527479410171509,7.81649416089058,0.9708378314971924,21590,-0.017445562183517418,0.06593815
372,4825,4571136,1150.7657985100002,979.39,947,5e-05,0.31537239622945584,0.5580240885416666,0.2,0.13719771802425385,0.06192270666360855,7.818523887793223,0.9908636808395386,21600,-0.027465724454183753,0.09012396
373,4830,4583424,1149.39747308,979.39,948,5e-05,1.2192590684940419,0.502294921875,0.2,0.13713093101978302,0.21193836629390717,7.82229206264019,0.9738135933876038,21610,-0.016209850976398835,0.066027336
374,4834,4595712,1159.6555309999999,985.76,950,5e-05,0.32277393992990255,0.5514892578125,0.2,0.13701902329921722,0.10871343314647675,7.826295591394106,0.9953356981277466,21620,-0.02979415509616956,0.08557739
375,4838,4608000,1154.91896574,985.76,952,5e-05,0.37963259577130276,0.5379801432291667,0.2,0.1369292140007019,0.16380050778388977,7.832936003804207,0.991827666759491,21630,-0.031918565700470934,0.080584995
376,4842,4620288,1164.137312,993.15,954,5e-05,0.24487953862796227,0.5219563802083333,0.2,0.13679729402065277,0.0881510078907013,7.844748680790265,0.9923021197319031,21640,-0.030515325757248017,0.07494086
377,4847,4632576,1163.54470921,987.65,955,5e-05,0.45529428565253816,0.5054931640625,0.2,0.1366697996854782,0.0940583273768425,7.858292282621066,0.9900038838386536,21650,-0.026373633359132023,0.069221765
378,4851,4644864,1160.12167073,983.57,957,5e-05,1.6763012603546181,0.43612467447916664,0.2,0.13665001094341278,0.4355301558971405,7.87049539188544,0.9763098359107971,21660,-0.01871076399984304,0.05185194
379,4855,4657152,1156.2950915400002,974.89,959,5e-05,1.4500945783530672,0.476611328125,0.2,0.136551633477211,0.5131326913833618,7.877462438742319,0.9824808835983276,21670,-0.021233582447166555,0.065610744
380,4859,4669440,1152.78346781,972.0,960,5e-05,1.091778392593066,0.5041829427083333,0.2,0.1364658623933792,0.18942520022392273,7.884322907527288,0.9831978678703308,21680,-0.0200428444785454,0.066816024
381,4864,4681728,1157.7030798500002,972.0,962,5e-05,1.3664738082016508,0.5002360026041667,0.2,0.13640697300434113,0.9497671723365784,7.891530593236287,0.9903122782707214,21690,-0.023374889251135754,0.06986514
382,4868,4694016,1155.54595623,968.67,964,5e-05,0.32668883074074984,0.57509765625,0.2,0.13616949319839478,0.10478000342845917,7.900794979929924,0.9948802590370178,21700,-0.026037222962865297,0.09631378
383,4872,4706304,1159.04074626,968.67,965,5e-05,1.1992377407227954,0.4897542317708333,0.2,0.13610999286174774,0.2833717465400696,7.912345769008001,0.9901504516601562,21710,-0.022198610382232194,0.06647139
384,4876,4718592,1145.0889692,958.93,967,5e-05,0.29900006043414273,0.56884765625,0.2,0.1361890733242035,0.09046683460474014,7.912029757102331,0.9922715425491333,21720,-0.025037222518585624,0.094641544
385,4880,4730880,1132.6155034100002,953.78,969,5e-05,2.8798870760947466,0.44056803385416665,0.2,0.1361171156167984,0.5918214321136475,7.911231463154157,0.9762201309204102,21730,-0.016546469044017915,0.048583563
386,4884,4743168,1124.9538348600001,945.89,971,5e-05,1.5801749400794507,0.5213134765625,0.2,0.13601648807525635,0.23318101465702057,7.918225359916687,0.9786620736122131,21740,-0.01866038725056569,0.073746316
387,4888,4755456,1119.78146632,946.9,972,5e-05,1.2572571846346061,0.5278889973958333,0.2,0.13592158257961273,0.22051158547401428,7.925281078616778,0.9881883263587952,21750,-0.017368587575037963,0.08443698
388,4892,4767744,1117.09933236,946.29,974,5e-05,1.761208919932445,0.5123046875,0.2,0.13585686683654785,0.34924179315567017,7.935698660214742,0.975067675113678,21760,-0.014829297121226166,0.06552341
389,4896,4780032,1113.3070219900003,946.29,976,5e-05,1.4545126841713985,0.561181640625,0.2,0.13581626117229462,1.0060267448425293,7.940057263771693,0.9794932007789612,21770,-0.014752375736134127,0.085055925
390,4900,4792320,1104.5069715700001,942.64,977,5e-05,0.3358952453980843,0.6100667317708334,0.2,0.13592319190502167,0.1339377760887146,7.933826689918836,0.9860793948173523,21780,-0.019923017401985512,0.10690465
391,4904,4804608,1101.7921548099998,942.64,979,5e-05,1.1624476114908855,0.4971110026041667,0.2,0.13576778769493103,0.4933805763721466,7.93729309240977,0.984581470489502,21790,-0.018871632742714913,0.07052876
392,4908,4816896,1105.4577100499998,947.45,981,5e-05,0.83642557580024,0.5623942057291667,0.2,0.13592609763145447,0.2984633147716522,7.933689711491267,0.9839308857917786,21800,-0.019736083907385668,0.093275726
393,4912,4829184,1123.3703342600002,956.82,983,5e-05,1.4095038656145333,0.5083902994791667,0.2,0.135865718126297,0.3463780879974365,7.927273067831993,0.9699615836143494,21810,-0.01732401000529838,0.07159705
394,4916,4841472,1137.04884246,970.63,984,5e-05,0.5439881301795443,0.5576985677083334,0.2,0.13577206432819366,0.13301163911819458,7.933693609635035,0.9923017621040344,21820,-0.01641257329902146,0.083063245
395,4920,4853760,1158.7623262200002,978.3,986,5e-05,0.3718048255890608,0.5546875,0.2,0.1358199417591095,0.09955764561891556,7.937657131751378,0.9934420585632324,21830,-0.024843855223540837,0.085251845
396,4924,4866048,1163.32023048,983.97,988,5e-05,0.6263638172609111,0.5129313151041667,0.2,0.1357506662607193,0.47422006726264954,7.9419908165931705,0.9875327944755554,21840,-0.024239149983623066,0.07537206
397,4929,4878336,1151.2948303300002,976.83,989,5e-05,0.4265212296197812,0.5430094401041666,0.2,0.13570420444011688,0.14319564402103424,7.942566869656245,0.9923257827758789,21850,-0.035265901213278994,0.08223919
398,4933,4890624,1167.89271059,983.81,991,5e-05,0.6010538535192609,0.4780680338541667,0.2,0.13569073379039764,0.10983532667160034,7.944374145070712,0.9889546036720276,21860,-0.02439414567973775,0.06396427
399,4937,4902912,1168.63977036,983.81,993,5e-05,0.45221979891260466,0.5351806640625,0.2,0.13554647564888,0.05611270293593407,7.952890170613925,0.9921690821647644,21870,-0.029033731850601423,0.08022773
400,4941,4915200,1177.66366367,988.74,994,5e-05,0.22444217012574275,0.5318115234375,0.2,0.13564997911453247,0.06215468421578407,7.954518210887909,0.9888865351676941,21880,-0.029367569862127615,0.07519772
401,4945,4927488,1175.94585632,986.13,996,5e-05,0.43535662557308874,0.5123372395833333,0.2,0.1356889307498932,0.15634900331497192,7.951870626211166,0.988448977470398,21890,-0.017579367585130967,0.06960974
402,4949,4939776,1164.2303484400002,977.94,998,5e-05,0.2282737468679746,0.5028564453125,0.2,0.13569502532482147,0.0709531232714653,7.946490087111791,0.9971315264701843,21900,-0.028192728425104483,0.06907391
403,4953,4952064,1162.06220023,977.94,999,5e-05,0.500312996096909,0.4963623046875,0.2,0.13567908108234406,0.22863557934761047,7.944871553778649,0.9885516166687012,21910,-0.019795473803727266,0.073881514
404,4957,4964352,1163.72780281,977.94,1001,5e-05,0.28668470786263545,0.5166910807291667,0.2,0.13557548820972443,0.07064960896968842,7.955631558100382,0.9917759895324707,21920,-0.02803952807347135,0.07259878
405,4961,4976640,1172.36069296,985.08,1003,5e-05,0.39171639606356623,0.5127685546875,0.2,0.13544011116027832,0.15186868607997894,7.9638653536637625,0.9828439354896545,21930,-0.030567514488939195,0.075014494
406,4965,4988928,1171.52157155,985.08,1004,5e-05,0.3262254152446985,0.5078694661458333,0.2,0.13538119196891785,0.0949849858880043,7.968470273415248,0.9932803511619568,21940,-0.03363669143000152,0.06941208
407,4969,5001216,1169.40533254,984.7,1006,5e-05,0.25404744825015463,0.50966796875,0.2,0.13530075550079346,0.06183231994509697,7.973941221833229,0.9959920644760132,21950,-0.03163676791688583,0.068129286
408,4973,5013504,1158.6163248199998,976.86,1008,5e-05,0.7003942731147011,0.47674153645833334,0.2,0.1351865977048874,0.12224897742271423,7.981945258378983,0.9787592887878418,21960,-0.020081186242653832,0.06166811
409,4977,5025792,1163.75638454,981.65,1009,5e-05,2.1995585104450583,0.40061848958333335,0.2,0.13506709039211273,2.533158302307129,7.993893866737683,0.9753527641296387,21970,-0.01959704148369686,0.04470773
410,4981,5038080,1169.0126967299998,987.88,1011,5e-05,1.0149443597222367,0.5146158854166667,0.2,0.13511182367801666,0.9316219687461853,7.993979222575823,0.9767748117446899,21980,-0.019152108631290805,0.068231516
411,4985,5050368,1166.5650583299998,987.88,1013,5e-05,0.7506064385796587,0.5414957682291667,0.2,0.13504470884799957,0.28289923071861267,7.991079256931941,0.9710012078285217,21990,-0.01733783288994649,0.07437613
412,4989,5062656,1166.96836904,987.88,1014,5e-05,0.5983823081478477,0.5787272135416667,0.2,0.1349923461675644,0.13694608211517334,7.998822668194771,0.9788333177566528,22000,-0.022234429053302543,0.1121288
413,4992,5074944,1163.27973349,987.88,1016,5e-05,0.8051222822318475,0.5440836588541667,0.2,0.1349494308233261,0.1791047900915146,7.997603605190913,0.9780318140983582,22010,-0.01968362442906558,0.08490452
414,4996,5087232,1162.3597799,982.49,1018,5e-05,0.20658083784704406,0.5597574869791667,0.2,0.1349184364080429,0.05503474175930023,7.9969192892313,0.9948846697807312,22020,-0.02486518249109698,0.08269956
415,5000,5099520,1162.8574815299999,982.87,1019,5e-05,0.33023938577001294,0.5239908854166667,0.2,0.13488706946372986,0.0703885406255722,8.001791266600291,0.9930457472801208,22030,-0.02043288397641542,0.07745746
416,5004,5111808,1151.14897005,979.67,1021,5e-05,0.45542244634901485,0.5240478515625,0.2,0.13490182161331177,0.11036329716444016,8.006263885895411,0.9838986396789551,22040,-0.025390383256793332,0.07476151
417,5008,5124096,1144.4563829,978.47,1023,5e-05,2.4976947187135616,0.4323649088541667,0.2,0.13485325872898102,0.33474239706993103,8.007852907975515,0.9776285290718079,22050,-0.0205390211189903,0.04974593
418,5012,5136384,1145.92102731,979.05,1024,5e-05,5.859618838628133,0.33553873697916664,0.2,0.13480617105960846,1.603522539138794,8.013727070887883,0.960320234298706,22060,-0.022732013317484718,0.029548334
419,5016,5148672,1147.06504969,979.05,1026,5e-05,0.6666565957168739,0.5856770833333333,0.2,0.1348572075366974,0.2839043140411377,8.008759450912475,0.9881565570831299,22070,-0.02159060147823766,0.098298885
420,5019,5160960,1150.73939876,979.05,1028,5e-05,0.2568038674071431,0.5564697265625,0.2,0.13483373820781708,0.03794679045677185,8.008061085144679,0.9957652688026428,22080,-0.027653446523860717,0.09265221
421,5023,5173248,1154.3885455300003,979.05,1029,5e-05,0.9353057722250621,0.5263264973958334,0.2,0.13485735654830933,0.24822589755058289,8.010804080963135,0.9761934876441956,22090,-0.023394844648525273,0.07126377
422,5027,5185536,1138.8906510200002,969.97,1031,5e-05,0.24047292762746414,0.545166015625,0.2,0.13482807576656342,0.045190729200839996,8.011351960897446,0.9935185313224792,22100,-0.02471734812036933,0.08027295
423,5031,5197824,1133.7302645699997,963.99,1033,5e-05,1.2956458130540947,0.4615234375,0.2,0.13473817706108093,0.5554944276809692,8.014055188496908,0.97994065284729,22110,-0.021515493121599623,0.052259203
424,5035,5210112,1137.6409953099999,967.71,1034,5e-05,4.724773049851259,0.425927734375,0.2,0.13475801050662994,1.695641040802002,8.01537582874298,0.9705780148506165,22120,-0.0187123655846032,0.042778548
425,5038,5222400,1144.8930529,967.6,1036,5e-05,0.432228665612638,0.5824951171875,0.2,0.13463324308395386,0.09360924363136292,8.020263322194417,0.9857621192932129,22130,-0.02634792235136653,0.09281313
426,5042,5234688,1142.2875497300001,965.11,1038,5e-05,0.7916541885895033,0.5304606119791667,0.2,0.1344965249300003,0.2486281543970108,8.031857168674469,0.9772821664810181,22140,-0.020140736932323003,0.076179884
427,5046,5246976,1144.5006999200002,965.11,1039,5e-05,0.9663464329826336,0.5091959635416666,0.2,0.13443945348262787,0.3166506886482239,8.039728170633316,0.9790834188461304,22150,-0.020065266795184774,0.06632694
428,5050,5259264,1147.04436324,965.11,1041,5e-05,0.6388878890002767,0.5655517578125,0.2,0.1345977932214737,0.35651469230651855,8.038985498746236,0.9860543012619019,22160,-0.023147614505918075,0.09200466
429,5053,5271552,1139.9708829,965.11,1043,5e-05,0.5446724431899687,0.5590983072916667,0.2,0.13459719717502594,0.1536666452884674,8.03300210237503,0.9915925860404968,22170,-0.023389993629340702,0.093845725
430,5057,5283840,1157.38774186,979.58,1044,5e-05,0.32130092224106194,0.5504231770833333,0.2,0.13462628424167633,0.11597386002540588,8.028292737404506,0.9915235042572021,22180,-0.030517316843421818,0.087373614
431,5061,5296128,1157.92381444,981.59,1046,5e-05,0.28463776838034394,0.527392578125,0.2,0.1344771832227707,0.08986485004425049,8.03301058212916,0.9955676794052124,22190,-0.029601668334604862,0.07961076
432,5064,5308416,1153.36073075,975.98,1048,5e-05,0.8781691433861851,0.4667561848958333,0.2,0.13438783586025238,0.7606531381607056,8.042681755622228,0.9856951236724854,22200,-0.021281039635262764,0.06017984
433,5068,5320704,1153.45983208,976.06,1049,5e-05,0.5638395536380509,0.4978434244791667,0.2,0.13435326516628265,0.16343188285827637,8.045105508963267,0.9937313199043274,22210,-0.02654668161897765,0.06921214
434,5071,5332992,1138.8196356600001,969.7,1051,5e-05,3.503915842125813,0.378271484375,0.2,0.13431741297245026,0.4974382817745209,8.047242327531178,0.9788452982902527,22220,-0.021775349495389187,0.035448257
435,5075,5345280,1137.0409764899998,969.7,1053,5e-05,3.0833843793720006,0.4562744140625,0.2,0.13429133594036102,2.445272207260132,8.050771687428156,0.9770936965942383,22230,-0.016084310010531528,0.06041901
436,5079,5357568,1135.1981398899998,969.7,1054,5e-05,0.3152495611148576,0.6179931640625,0.2,0.13432741165161133,0.08620572090148926,8.051049331823984,0.9904786348342896,22240,-0.016026075712094703,0.10629928
437,5082,5369856,1125.70874396,960.05,1056,5e-05,1.336657362493376,0.5185872395833333,0.2,0.13426049053668976,0.5609222650527954,8.05407704313596,0.9800403118133545,22250,-0.01828062846325338,0.07216006
438,5086,5382144,1119.4130615000001,960.05,1058,5e-05,1.492302337537209,0.5065185546875,0.2,0.13422270119190216,0.21928203105926514,8.059678932030996,0.9873681664466858,22260,-0.01991511431381999,0.07042317
439,5089,5394432,1129.3734507300003,964.02,1059,5e-05,0.28172168383995694,0.5808675130208333,0.2,0.1340113878250122,0.09590640664100647,8.069272353251774,0.9797644019126892,22270,-0.02824556585207271,0.09476229
440,5093,5406720,1140.7233797200001,969.72,1061,5e-05,0.2288330938356618,0.55859375,0.2,0.13388000428676605,0.061425868421792984,8.08072937130928,0.9843659400939941,22280,-0.029668400487086424,0.08572965
441,5097,5419008,1154.51165811,978.73,1063,5e-05,1.709505241177976,0.47215169270833335,0.2,0.13390403985977173,0.13816070556640625,8.087254641453425,0.9872075915336609,22290,-0.021159758444021768,0.068743475
442,5100,5431296,1170.65349776,987.58,1064,5e-05,0.3400267672725022,0.547705078125,0.2,0.13397592306137085,0.11119747161865234,8.080074508984884,0.9885991215705872,22300,-0.03091526552113161,0.07985499
443,5104,5443584,1152.06174086,975.83,1066,5e-05,2.4864948191990455,0.4401774088541667,0.2,0.13398976624011993,0.7416548728942871,8.075536334514618,0.9340844750404358,22310,-0.0202459934206369,0.052846473
444,5107,5455872,1159.06217504,980.14,1068,5e-05,3.5561692769328754,0.43865559895833334,0.2,0.1339680552482605,2.4693844318389893,8.077062871058782,0.9800070524215698,22320,-0.02364637334588527,0.053394776
445,5111,5468160,1169.48650036,985.29,1069,5e-05,0.2655592896665136,0.5873372395833333,0.2,0.13389326632022858,0.07318294048309326,8.079241794347762,0.9950087666511536,22330,-0.026203088930924424,0.10073421
446,5114,5480448,1169.39814999,985.29,1071,5e-05,0.28117667480061453,0.5527099609375,0.2,0.1337595134973526,0.0856964960694313,8.086365687847138,0.993664562702179,22340,-0.028451123646421668,0.09431735
447,5118,5492736,1169.4074524999999,985.29,1073,5e-05,0.29526934676493205,0.5356038411458334,0.2,0.13370417058467865,0.08025730401277542,8.094171971082687,0.9917852878570557,22350,-0.028647218945358568,0.07529848
448,5121,5505024,1165.05811108,979.45,1074,5e-05,0.25453021203478177,0.5280354817708334,0.2,0.13376356661319733,0.07047626376152039,8.092245999972025,0.9957863688468933,22360,-0.0267983365454711,0.076426566
449,5125,5517312,1159.8388077400002,975.98,1076,5e-05,1.1249648289134104,0.45965983072916666,0.2,0.1336546242237091,0.10583409667015076,8.09709800084432,0.9685002565383911,22370,-0.016495913524219457,0.05853295
450,5128,5529600,1147.59534973,968.25,1078,5e-05,3.124721378677835,0.5058430989583333,0.2,0.1335892230272293,8.422233581542969,8.105524843931198,0.9762312173843384,22380,-0.017295291124416204,0.076793335
451,5132,5541888,1167.8060210200001,980.0,1079,5e-05,2.290636345775177,0.4578125,0.2,0.13351435959339142,0.5962210297584534,8.113852449258168,0.9793594479560852,22390,-0.016126771573423564,0.06020822
452,5135,5554176,1170.30080921,980.19,1081,5e-05,0.25787067447478573,0.5881917317708333,0.2,0.1334214210510254,0.07047054171562195,8.1206966817379,0.9939788579940796,22400,-0.02380383419901288,0.095372915
453,5139,5566464,1167.94973551,980.19,1083,5e-05,0.33522280706092716,0.5442952473958333,0.2,0.133278951048851,0.1055421456694603,8.135022175312042,0.9910574555397034,22410,-0.024546879394862723,0.07912288
454,5142,5578752,1160.7026584999999,976.78,1084,5e-05,0.3674316841177642,0.5327962239583334,0.2,0.13311518728733063,0.11248932778835297,8.153568828105927,0.9891465902328491,22420,-0.03168482853992221,0.078175984
455,5145,5591040,1148.51614169,970.72,1086,5e-05,2.0207181099802254,0.4518310546875,0.2,0.13302616775035858,0.18340972065925598,8.162828842798868,0.9732866883277893,22430,-0.018272505232016557,0.051984936
456,5149,5603328,1145.27977183,970.04,1088,5e-05,3.370469721282522,0.447314453125,0.2,0.1329459398984909,2.446446180343628,8.171365336577098,0.9761478900909424,22440,-0.019917406833459002,0.054184396
457,5152,5615616,1144.25644369,973.51,1089,5e-05,0.870056100624303,0.5611490885416667,0.2,0.1328011304140091,0.45286738872528076,8.179917134841283,0.9698399305343628,22450,-0.016002527081097166,0.085726805
458,5156,5627904,1148.8947664600003,981.24,1091,5e-05,2.119122020403544,0.49420572916666666,0.2,0.13277913630008698,0.899681031703949,8.187429253260294,0.960557222366333,22460,-0.02166885205175883,0.06744855
459,5159,5640192,1138.9446897799999,978.86,1093,5e-05,0.44797991033022605,0.6180908203125,0.2,0.13293121755123138,0.15865150094032288,8.177938987811407,0.9856930375099182,22470,-0.018614794920237425,0.11742123
460,5162,5652480,1146.75030028,978.86,1094,5e-05,1.0144554188785453,0.520166015625,0.2,0.13293440639972687,1.0247317552566528,8.173130098978678,0.9894970059394836,22480,-0.02067594873321165,0.08118888
461,5166,5664768,1144.44808441,978.86,1096,5e-05,0.23196720120807487,0.5638509114583333,0.2,0.13290171325206757,0.028885450214147568,8.166829554239909,0.9957939982414246,22490,-0.02919929225851471,0.09907496
462,5169,5677056,1145.99096758,982.27,1098,5e-05,0.4339579474491378,0.5517985026041666,0.2,0.1328269988298416,0.11475786566734314,8.169384572903315,0.9904347062110901,22500,-0.02590033088296574,0.09241422
463,5172,5689344,1159.24404284,988.33,1099,5e-05,0.33213183404877783,0.549658203125,0.2,0.13283108174800873,0.14329074323177338,8.171447026729584,0.9926320314407349,22510,-0.025269133179002288,0.08836009
464,5176,5701632,1165.77463326,997.62,1101,5e-05,0.3077996636119982,0.5251708984375,0.2,0.13280640542507172,0.11883529275655746,8.173804475863774,0.9931498169898987,22520,-0.029725410050984162,0.08129112
465,5179,5713920,1170.2834102999998,997.62,1103,5e-05,0.3603210534900427,0.5345784505208333,0.2,0.13290385901927948,0.18982769548892975,8.16996969183286,0.9929982423782349,22530,-0.031676746745264,0.08251145
466,5182,5726208,1168.62735258,995.31,1104,5e-05,0.2817195061283807,0.5276774088541667,0.2,0.13283564150333405,0.0689428448677063,8.16935534675916,0.9944952726364136,22540,-0.03412492815114092,0.07723883
467,5185,5738496,1180.10615447,997.69,1106,5e-05,0.9325612373339633,0.46580403645833335,0.2,0.13266177475452423,0.18316224217414856,8.180208685000737,0.987336277961731,22550,-0.021605947628268042,0.055619895
468,5188,5750784,1165.56466182,990.47,1108,5e-05,0.5392411447751025,0.5132161458333333,0.2,0.13259802758693695,0.09017950296401978,8.191917977730434,0.9890775084495544,22560,-0.025581377977505326,0.07433496
469,5192,5763072,1155.1318197499997,987.1,1109,5e-05,0.3380838341700534,0.52734375,0.2,0.13243739306926727,0.08531013876199722,8.19984646042188,0.9958119988441467,22570,-0.03312777661388585,0.07808938
470,5195,5775360,1169.13557236,987.1,1111,5e-05,0.7603328907862306,0.484033203125,0.2,0.1323672980070114,0.2661186158657074,8.21131200591723,0.9690676927566528,22580,-0.018704061659324603,0.056460053
471,5198,5787648,1170.0081762,987.1,1113,5e-05,0.22464801712582508,0.5275553385416667,0.2,0.13217639923095703,0.05625734478235245,8.225988910595577,0.9923351407051086,22590,-0.028994710676488466,0.07961122
472,5201,5799936,1170.7461131799998,987.1,1114,5e-05,0.3011302376786868,0.5216796875,0.2,0.13209101557731628,0.09265163540840149,8.239591153462728,0.990957498550415,22600,-0.031668451993512765,0.074411295
473,5204,5812224,1169.51776606,987.1,1116,5e-05,0.24797973552097877,0.5307698567708333,0.2,0.13203567266464233,0.08682301640510559,8.248086581627527,0.9899967312812805,22610,-0.035559858229438156,0.074607834
474,5208,5824512,1175.17399765,989.41,1118,5e-05,0.24629526544983188,0.5266682942708333,0.2,0.1319444328546524,0.07920512557029724,8.256127790609996,0.9945767521858215,22620,-0.03228872193115725,0.078149796
475,5211,5836800,1167.69243845,987.06,1120,5e-05,1.4576389751086631,0.4527506510416667,0.2,0.13188467919826508,0.6815327405929565,8.262591105699538,0.9798687100410461,22630,-0.019739896723573718,0.05658181
476,5214,5849088,1170.95159483,988.39,1121,5e-05,0.2563856763765216,0.553515625,0.2,0.13174837827682495,0.09926219284534454,8.272497993707656,0.9952939748764038,22640,-0.026102939905346526,0.08133759
477,5217,5861376,1174.66743621,991.76,1123,5e-05,0.907662778813392,0.5102376302083333,0.2,0.1317196786403656,0.2693744897842407,8.282540641228358,0.9714226126670837,22650,-0.01712406077082657,0.07079069
478,5220,5873664,1161.2659460900002,984.22,1125,5e-05,0.3756137826790412,0.5490478515625,0.2,0.13166780769824982,0.10825946927070618,8.292633895079295,0.9831899404525757,22660,-0.027981873903384743,0.085646816
479,5224,5885952,1158.0676188500001,984.22,1126,5e-05,2.8800170993432403,0.5011962890625,0.2,0.13172021508216858,0.4381561577320099,8.291979183753332,0.9683877229690552,22670,-0.01271233603086633,0.06103955
480,5227,5898240,1148.26595688,975.04,1128,5e-05,0.2196705059458812,0.5559733072916667,0.2,0.131678968667984,0.05410873144865036,8.292083646853765,0.9889306426048279,22680,-0.027418053307337688,0.085840285
481,5229,5910528,1152.4373700899998,975.04,1130,5e-05,0.678678802618136,0.4979654947916667,0.2,0.13152848184108734,0.14646819233894348,8.299138512214025,0.9738393425941467,22690,-0.018072132448529978,0.073807135
482,5232,5922816,1151.89300522,971.78,1131,5e-05,0.5021602399647236,0.546044921875,0.2,0.1314338892698288,0.09886503219604492,8.317319081226985,0.9792156219482422,22700,-0.02150067054705384,0.078681536
483,5235,5935104,1161.7431813,971.78,1133,5e-05,0.7565933356061578,0.479150390625,0.2,0.13138796389102936,0.24258320033550262,8.324754838148753,0.9802744388580322,22710,-0.019865898076386657,0.06052324
484,5237,5947392,1166.58884867,975.43,1135,5e-05,0.2378125189182659,0.530859375,0.2,0.13129286468029022,0.07000234723091125,8.33488508661588,0.9950878024101257,22720,-0.02977590278314892,0.08742812
485,5240,5959680,1168.38300893,975.43,1137,5e-05,0.6478563193852703,0.5105143229166667,0.2,0.1312585473060608,0.1451795995235443,8.338509623209635,0.9761183857917786,22730,-0.021535882597769767,0.071560256
486,5243,5971968,1180.44016482,982.97,1139,5e-05,2.6239983307818573,0.48382161458333334,0.2,0.13115714490413666,2.749913215637207,8.34703164100647,0.9725220799446106,22740,-0.017602544648980256,0.063951746
487,5245,5984256,1168.88982671,974.56,1140,5e-05,0.47369447654734054,0.5588053385416667,0.2,0.131027951836586,0.10523796081542969,8.356107326348623,0.9875367283821106,22750,-0.02034975411564422,0.09733158
488,5247,5996544,1175.9653149,976.67,1142,5e-05,1.525530396743367,0.490087890625,0.2,0.13093972206115723,0.265878289937973,8.364526305596033,0.9785153865814209,22760,-0.016126874090211154,0.05600522
489,5249,6008832,1162.7958537600002,969.72,1144,5e-05,0.6573091299583514,0.5406819661458333,0.2,0.130898118019104,0.28354746103286743,8.362608937422435,0.9790928959846497,22770,-0.017404797504423187,0.08456379
490,5252,6021120,1173.91653828,975.33,1146,5e-05,1.6211408006648222,0.5255940755208334,0.2,0.1308116316795349,0.08454761654138565,8.367095424731572,0.9775364398956299,22780,-0.013842550115320288,0.07502782
491,5255,6033408,1162.96397319,975.33,1147,5e-05,0.46312728223080435,0.6095784505208334,0.2,0.13072003424167633,0.12305998802185059,8.372862712542217,0.976236879825592,22790,-0.020307757027330807,0.117063016
492,5258,6045696,1161.96090574,977.57,1149,5e-05,0.26429712207367023,0.5705078125,0.2,0.13075904548168182,0.06601972877979279,8.3730435748895,0.992479145526886,22800,-0.025592128669571442,0.09105214
493,5261,6057984,1164.22135558,977.57,1151,5e-05,0.2525399593636394,0.5398681640625,0.2,0.13067270815372467,0.05321113020181656,8.371514878670375,0.995212197303772,22810,-0.027964454216028875,0.08161845
494,5263,6070272,1155.32363094,971.66,1153,5e-05,1.0753489416092634,0.5237060546875,0.2,0.13072654604911804,0.6949822306632996,8.372437034050623,0.9702339768409729,22820,-0.019706462709291373,0.07230919
495,5265,6082560,1164.89203067,978.82,1155,5e-05,0.6073615525849163,0.5126953125,0.2,0.1306847482919693,0.08970894664525986,8.37222579717636,0.9785828590393066,22830,-0.015646633859432768,0.07091295
496,5267,6094848,1161.4401376399999,981.25,1157,5e-05,2.2899197079241276,0.42876790364583334,0.2,0.13072049617767334,1.1828622817993164,8.374072813987732,0.9778655171394348,22840,-0.019690086698392405,0.047471065
497,5269,6107136,1168.0020829100001,988.2,1158,5e-05,1.6325375312939285,0.5017659505208333,0.2,0.13072539865970612,0.7954355478286743,8.373150177796681,0.9866941571235657,22850,-0.019272946375228153,0.072013475
498,5271,6119424,1149.48781932,977.35,1160,5e-05,0.3936412097265323,0.5994547526041667,0.2,0.13069091737270355,0.13985440135002136,8.37380082408587,0.9926654696464539,22860,-0.023221514496253804,0.11037891
499,5274,6131712,1155.67464042,977.35,1162,5e-05,1.539999471946309,0.5302408854166667,0.2,0.13066987693309784,0.5057867169380188,8.379185883204142,0.9732954502105713,22870,-0.013689738293760457,0.07033225
500,5276,6144000,1157.1365809,977.35,1164,5e-05,0.20305044601360958,0.5776204427083333,0.2,0.13058994710445404,0.03818478062748909,8.381602372725805,0.9864377379417419,22880,-0.026205930902991288,0.09479984
501,5278,6156288,1158.56766269,975.82,1166,5e-05,0.9495680521552762,0.5301350911458333,0.2,0.13056135177612305,0.5466505289077759,8.38527495265007,0.9860168695449829,22890,-0.016700848451970767,0.082655214
502,5280,6168576,1167.28520652,981.73,1168,5e-05,2.686126847844571,0.5131673177083333,0.2,0.13046813011169434,1.1742554903030396,8.39201790690422,0.9719087481498718,22900,-0.014534902865610396,0.07430409
503,5283,6180864,1169.45354483,980.56,1169,5e-05,0.2068615719055136,0.5832682291666667,0.2,0.1304979920387268,0.056758906692266464,8.392928797006608,0.9936385154724121,22910,-0.025539144620415753,0.093068995
504,5286,6193152,1176.29328975,985.2,1171,5e-05,1.2644650649589797,0.50703125,0.2,0.13049466907978058,0.4953348636627197,8.393985909223556,0.9904667735099792,22920,-0.02026239080490389,0.06443046
505,5287,6205440,1175.17598215,983.37,1173,5e-05,2.2452337032184007,0.5068766276041666,0.2,0.13052207231521606,1.6371039152145386,8.39209463596344,0.9592695236206055,22930,-0.01626623431414676,0.06487951
506,5289,6217728,1192.18994473,994.22,1175,5e-05,0.29226667946204543,0.5733968098958333,0.2,0.13046547770500183,0.06241843104362488,8.390824149052301,0.995141327381134,22940,-0.03125401552533731,0.09303918
507,5291,6230016,1181.29434741,990.19,1177,5e-05,0.30136350706840553,0.5483154296875,0.2,0.1303512454032898,0.08225107192993164,8.399180787801743,0.9903746247291565,22950,-0.031908467616691874,0.07906682
508,5293,6242304,1171.5420175400002,982.87,1179,5e-05,1.2119000072901447,0.4764322916666667,0.2,0.13035032153129578,0.42474332451820374,8.406400501728058,0.9814099669456482,22960,-0.0175454280183961,0.056958813
509,5296,6254592,1157.3688972,975.38,1180,5e-05,2.4332634665071966,0.4598470052083333,0.2,0.13030797243118286,0.8472840785980225,8.410964322090148,0.9792308211326599,22970,-0.019498677585700838,0.05695522
510,5298,6266880,1151.03214593,970.88,1182,5e-05,1.388950253619502,0.5155843098958334,0.2,0.13025721907615662,0.18418841063976288,8.414673773447673,0.988059401512146,22980,-0.018794176688728233,0.07047675
511,5300,6279168,1151.0718123400002,973.3,1184,5e-05,1.3758374362252652,0.53837890625,0.2,0.13024191558361053,0.831485390663147,8.41905183593432,0.9861076474189758,22990,-0.01465700602614864,0.072230645
512,5302,6291456,1144.6942109700003,966.06,1186,5e-05,0.9133917766623199,0.627880859375,0.2,0.13028089702129364,0.17145408689975739,8.416902081171672,0.9799702167510986,23000,0.012117735245556104,0.18547557
513,5304,6303744,1119.2095749499997,955.58,1188,5e-05,3.55062999278307,0.45926106770833336,0.2,0.13022290170192719,1.125753402709961,8.417840607961018,0.9792295098304749,23010,-0.021405753649620843,0.044700876
514,5307,6316032,1117.19232883,955.58,1190,5e-05,5.220697793116172,0.50595703125,0.2,0.13023656606674194,5.102700710296631,8.422130125761033,0.9789152145385742,23020,-0.00931148682817972,0.07400433
515,5309,6328320,1114.04283256,956.38,1191,5e-05,0.8350622706736127,0.6499674479166667,0.2,0.13039256632328033,0.3698389530181885,8.414717761675517,0.9685302376747131,23030,-0.010380473104305565,0.15087943
516,5310,6340608,1122.9009209,963.7,1193,5e-05,1.675878558928768,0.5436767578125,0.2,0.13043105602264404,0.6545884013175964,8.406394273042679,0.9812301993370056,23040,-0.020145682866859714,0.07757513
517,5312,6352896,1135.04926059,972.72,1195,5e-05,0.5399327153339982,0.6289876302083334,0.2,0.13046599924564362,0.1550930142402649,8.405164112647375,0.9873554110527039,23050,-0.02057156714145094,0.12391771
518,5314,6365184,1141.7061965700002,977.22,1197,5e-05,0.4779238557443023,0.5808675130208333,0.2,0.13032598793506622,0.09665121138095856,8.406378022829692,0.9933475255966187,23060,-0.020064984902273864,0.09767866
519,5316,6377472,1127.95801137,969.87,1199,5e-05,0.2700728927118083,0.5516438802083333,0.2,0.1303080916404724,0.06457941979169846,8.417835817734401,0.9958417415618896,23070,-0.0272053805286608,0.09132683
520,5319,6389760,1125.39070221,967.97,1201,5e-05,0.6514613988498846,0.5245930989583333,0.2,0.13027866184711456,0.2535385191440582,8.423014134168625,0.9904048442840576,23080,-0.02579240249033319,0.08122766
521,5322,6402048,1150.3132628699998,980.28,1202,5e-05,0.9235906006147464,0.5077718098958334,0.2,0.130232036113739,0.15298515558242798,8.426081502437592,0.9814648628234863,23090,-0.01812456363986712,0.069976754
522,5325,6414336,1152.85370711,980.28,1204,5e-05,0.21418974129483104,0.5513834635416667,0.2,0.13016130030155182,0.06689285486936569,8.439592508474986,0.9896588921546936,23100,-0.02616514260880649,0.08364222
523,5327,6426624,1161.0026975199999,983.51,1206,5e-05,0.27889818738525113,0.5426595052083333,0.2,0.13009075820446014,0.07073884457349777,8.450052285194397,0.9920114278793335,23110,-0.03264994183118688,0.08595866
524,5330,6438912,1145.24014091,976.21,1207,5e-05,0.3664747900019089,0.5410237630208333,0.2,0.13006959855556488,0.0865262895822525,8.455263056357701,0.9871845245361328,23120,-0.03016802318840443,0.081350476
525,5333,6451200,1150.3663596899999,976.21,1209,5e-05,1.2561406645923854,0.488818359375,0.2,0.12993882596492767,0.39618316292762756,8.459248783191045,0.9882788062095642,23130,-0.016985099507534566,0.065502636
526,5336,6463488,1146.7820596600002,976.21,1211,5e-05,0.23243021552140514,0.5329020182291667,0.2,0.12988531589508057,0.047860775142908096,8.47190145055453,0.9936000108718872,23140,-0.02714963079294345,0.07740101
527,5339,6475776,1160.00343935,983.56,1212,5e-05,0.2838209331346055,0.51611328125,0.2,0.12986190617084503,0.05267869681119919,8.477577998240788,0.9911859035491943,23150,-0.024647532892413438,0.07604812
528,5341,6488064,1162.68950855,983.56,1214,5e-05,0.29807349303737285,0.5191569010416667,0.2,0.12982170283794403,0.10979126393795013,8.480085317293803,0.9855363368988037,23160,-0.029469405819933552,0.07310352
529,5344,6500352,1175.96293609,992.7,1216,5e-05,0.2342264031370481,0.5190185546875,0.2,0.12991510331630707,0.057984281331300735,8.475565079847971,0.9927068948745728,23170,-0.02917948218625194,0.07512782
530,5347,6512640,1174.28783273,992.7,1217,5e-05,0.21393490916428468,0.5166097005208333,0.2,0.12987466156482697,0.06587216258049011,8.472361570596695,0.9968581199645996,23180,-0.029905621697253082,0.07880508
531,5350,6524928,1155.51942338,981.48,1219,5e-05,0.573893328383565,0.5143798828125,0.2,0.1298879235982895,0.07403529435396194,8.476614719629287,0.9875221252441406,23190,-0.029809217378109074,0.07483549
532,5352,6537216,1170.4254783299998,988.78,1221,5e-05,1.2119889764425655,0.458740234375,0.2,0.12986552715301514,0.23654012382030487,8.47952130039533,0.9728748202323914,23200,-0.016889986078604126,0.050602723
533,5355,6549504,1166.42732069,988.78,1222,5e-05,0.3653399392341574,0.5646809895833333,0.2,0.12973587214946747,0.13673409819602966,8.487581584850947,0.9900051355361938,23210,-0.02888617360877106,0.09280398
534,5358,6561792,1165.74123069,988.78,1224,5e-05,0.4357887274896105,0.5415771484375,0.2,0.12981967628002167,0.12280593812465668,8.491058021783829,0.9755644798278809,23220,-0.03446592161490116,0.084874034
535,5361,6574080,1163.0514403900002,982.57,1226,5e-05,0.40744965613509215,0.5320068359375,0.2,0.12982098758220673,0.13694068789482117,8.491166208187739,0.9883793592453003,23230,-0.03229497325373813,0.0786606
536,5363,6586368,1156.90907473,976.87,1227,5e-05,1.3701240085375805,0.4397705078125,0.2,0.12980210781097412,0.24961867928504944,8.489528890450796,0.9710984826087952,23240,-0.018660445338658366,0.050084826
537,5365,6598656,1150.8782026,976.87,1229,5e-05,1.3215859832242132,0.479248046875,0.2,0.12975065410137177,0.5609794855117798,8.493298727273942,0.9898028373718262,23250,-0.02051606945072611,0.06698546
538,5367,6610944,1152.4188961500001,974.39,1231,5e-05,0.3530369441024959,0.5966471354166667,0.2,0.1297721415758133,0.15440188348293304,8.492524844408035,0.9906054735183716,23260,-0.022669597100078438,0.10808662
539,5370,6623232,1170.8458841699999,984.6,1233,5e-05,0.7376488028094172,0.4913818359375,0.2,0.1298036128282547,1.1698477268218994,8.490649060408275,0.9905467629432678,23270,-0.019561241021680567,0.06803014
540,5372,6635520,1162.44366133,979.4,1235,5e-05,0.7715179074555636,0.5397542317708334,0.2,0.12980972230434418,0.17802636325359344,8.490059705575307,0.9647821187973022,23280,-0.019156730550942788,0.07614058
541,5375,6647808,1166.29456151,979.4,1236,5e-05,0.9469532345111171,0.5515869140625,0.2,0.1299288272857666,0.45949217677116394,8.492279726266862,0.9673200845718384,23290,-0.01867130455017711,0.0902703
542,5378,6660096,1164.18276466,979.4,1238,5e-05,0.6919881267473101,0.5576497395833333,0.2,0.12982667982578278,0.28100329637527466,8.49569095770518,0.9747490286827087,23300,-0.025218713183130605,0.09389419
543,5381,6672384,1173.30325292,985.61,1239,5e-05,0.38168277457977334,0.56875,0.2,0.12968291342258453,0.1351955235004425,8.506275135278702,0.9930419921875,23310,-0.027925982622158094,0.091214575
544,5383,6684672,1181.53935052,991.31,1241,5e-05,0.23342758213790754,0.5379720052083333,0.2,0.1296720802783966,0.06411828100681305,8.515350357691448,0.9948541522026062,23320,-0.02245348706734755,0.0767642
545,5386,6696960,1169.3884929,985.16,1243,5e-05,0.6037318758976956,0.5147786458333333,0.2,0.12977081537246704,0.27395591139793396,8.515418314933777,0.9890322685241699,23330,-0.02332515749197531,0.06947423
546,5389,6709248,1166.1938008000002,982.39,1244,5e-05,0.45811187860866387,0.5195556640625,0.2,0.12979759275913239,0.32857319712638855,8.512801061073938,0.9921326637268066,23340,-0.02179104709017944,0.07711467
547,5391,6721536,1157.8876458299999,977.07,1246,5e-05,0.29622903062651557,0.5358561197916667,0.2,0.1297065019607544,0.11193329095840454,8.514934760332107,0.9914222359657288,23350,-0.016721113888585628,0.0811939
548,5394,6733824,1165.40436567,982.27,1248,5e-05,0.4306416823839148,0.5120524088541667,0.2,0.1297646164894104,0.04811488837003708,8.521435433626175,0.9837802052497864,23360,-0.016419823534670287,0.07307809
549,5397,6746112,1165.7537915699997,982.27,1249,5e-05,3.0312924687440197,0.47638346354166666,0.2,0.12976402044296265,0.34871864318847656,8.518664346138637,0.9388204216957092,23370,-0.01045321807663034,0.05445232
550,5399,6758400,1166.01320592,982.27,1251,5e-05,0.38078439741705855,0.5646728515625,0.2,0.12977881729602814,0.10731169581413269,8.519187090794246,0.9903371334075928,23380,-0.030768997276997348,0.09631875
551,5402,6770688,1151.8825122399999,975.54,1253,5e-05,0.39719515678783257,0.551806640625,0.2,0.12969090044498444,0.13971933722496033,8.522605244318644,0.9850805997848511,23390,-0.030501913804134043,0.0902945
552,5404,6782976,1141.41011254,971.03,1254,5e-05,0.7852549716519813,0.5123291015625,0.2,0.1295725554227829,0.1566326767206192,8.52937695980072,0.9736056327819824,23400,-0.021990352182183415,0.07169003
553,5407,6795264,1150.07986976,974.05,1256,5e-05,1.6854770934209227,0.4968180338541667,0.2,0.129541277885437,0.34102290868759155,8.536411702632904,0.9662862420082092,23410,-0.01757937764559756,0.06555632
554,5410,6807552,1143.33313272,970.19,1258,5e-05,1.5054764486228427,0.5467529296875,0.2,0.12947948276996613,0.48310351371765137,8.542203944921493,0.982990026473999,23420,-0.020375637941954967,0.085560374
555,5412,6819840,1146.48499176,973.64,1259,5e-05,2.800908156360189,0.478759765625,0.2,0.12947286665439606,1.0173338651657104,8.545415421326956,0.9848148822784424,23430,-0.016220367240991133,0.052616537
556,5415,6832128,1146.0322817899998,972.64,1261,5e-05,1.978707616093258,0.5483968098958333,0.2,0.1294330656528473,0.34973523020744324,8.551314806938171,0.9778775572776794,23440,-0.013743250707436042,0.08590295
557,5418,6844416,1144.8798641699998,972.64,1263,5e-05,2.2094174629698196,0.5310302734375,0.2,0.1295284479856491,0.2581104040145874,8.5493161936601,0.9849658608436584,23450,-0.01677010199831178,0.08181864
558,5420,6856704,1139.44665226,968.04,1264,5e-05,0.5447641362125675,0.63857421875,0.2,0.12978705763816833,0.17103201150894165,8.52943460146586,0.9872210621833801,23460,-0.016690706430138865,0.13774867
559,5423,6868992,1144.9467277,974.77,1266,5e-05,0.5535343378782273,0.5696126302083333,0.2,0.12989884614944458,0.21135054528713226,8.511563088496526,0.9919159412384033,23470,-0.015214150251510242,0.09412452
560,5425,6881280,1147.3250183500002,971.44,1268,5e-05,0.7694448401530584,0.5335856119791667,0.2,0.13002373278141022,0.2647456228733063,8.504536249240239,0.9905998110771179,23480,-0.014083731725501517,0.08102629
561,5428,6893568,1138.33368152,965.66,1269,5e-05,1.9665244475627939,0.47246907552083334,0.2,0.12997883558273315,0.47884488105773926,8.50095185637474,0.981654942035675,23490,-0.016771750058493733,0.056834947
562,5431,6905856,1137.6913013499998,963.3,1271,5e-05,2.652421822523077,0.5290445963541667,0.2,0.12998874485492706,1.4891537427902222,8.504730631907782,0.9686530828475952,23500,-0.013942406450223644,0.081400305
563,5433,6918144,1135.11324129,963.3,1273,5e-05,4.2222823776304725,0.5515625,0.2,0.12991942465305328,0.9930915832519531,8.508146138985952,0.9509882926940918,23510,-0.010240405897881525,0.09245638
564,5436,6930432,1131.9058801200001,964.3,1274,5e-05,0.5707985846325755,0.6315022786458333,0.2,0.12998564541339874,0.3105657696723938,8.51071814695994,0.9760424494743347,23520,-0.011672169922288351,0.13418482
565,5438,6942720,1132.8751193500002,964.3,1276,5e-05,0.8941211379133165,0.5616129557291667,0.2,0.12997205555438995,0.10172656178474426,8.509731060266494,0.9795356392860413,23530,-0.01719118431356037,0.08530843
566,5441,6955008,1143.89592711,968.9,1278,5e-05,0.2571338787054022,0.5742106119791667,0.2,0.13019584119319916,0.09326722472906113,8.500297671556472,0.9948559403419495,23540,-0.021894057538399164,0.08799302
567,5443,6967296,1136.9754656599998,962.02,1279,5e-05,0.5448805394892892,0.5609781901041667,0.2,0.1301945298910141,0.15734846889972687,8.489253022273381,0.9893046617507935,23550,-0.019590271903628793,0.08889284
568,5445,6979584,1148.1528014499997,969.86,1281,5e-05,0.391853687291344,0.5218668619791667,0.2,0.13009409606456757,0.16737328469753265,8.49275633096695,0.992915153503418,23560,-0.01978456831323759,0.077170126
569,5448,6991872,1161.3654694600002,978.77,1283,5e-05,0.25406744579474133,0.5384521484375,0.2,0.13000613451004028,0.0715983510017395,8.502519500255584,0.9950011372566223,23570,-0.02872803526018591,0.08046567
570,5451,7004160,1180.27586334,993.12,1284,5e-05,0.2747146065967778,0.5409505208333333,0.2,0.1299838274717331,0.09615623950958252,8.51105863849322,0.9943308234214783,23580,-0.02987367957830429,0.084910564
571,5453,7016448,1177.98844501,993.12,1286,5e-05,0.35802471317971746,0.5302652994791667,0.2,0.12996888160705566,0.06469882279634476,8.511345432202022,0.9841562509536743,23590,-0.031571051608383034,0.08040019
572,5456,7028736,1183.20336297,993.12,1288,5e-05,0.17646236596629022,0.5204915364583333,0.2,0.12981073558330536,0.04128635302186012,8.520474445819854,0.9969936609268188,23600,-0.031060290736301493,0.07886831
573,5458,7041024,1184.6744624399998,993.12,1289,5e-05,0.22674053544178605,0.5267333984375,0.2,0.12973402440547943,0.0336306057870388,8.529441177845001,0.9968929290771484,23610,-0.025236200703754246,0.078666545
574,5461,7053312,1176.2551049200001,991.5,1291,5e-05,0.24205517697458465,0.5143880208333333,0.2,0.12962549924850464,0.04786306619644165,8.535571672519048,0.9945676922798157,23620,-0.03267164372615904,0.07763019
575,5463,7065600,1187.5081703499998,995.0,1293,5e-05,1.806830462999642,0.39971516927083334,0.2,0.12961891293525696,2.122143507003784,8.541012726227443,0.9876791834831238,23630,-0.019501807943258124,0.04227839
576,5466,7077888,1178.76199764,991.62,1294,5e-05,1.2156731823459268,0.5153889973958333,0.2,0.12965871393680573,0.21385255455970764,8.541827974716822,0.9757957458496094,23640,-0.014302832791872788,0.06323739
577,5468,7090176,1177.31087977,989.97,1296,5e-05,1.9709667670850952,0.46001790364583334,0.2,0.1296362429857254,0.20162856578826904,8.543802261352539,0.9723068475723267,23650,-0.014690545681029713,0.053002685
578,5470,7102464,1179.92792628,989.97,1298,5e-05,2.3817341715718308,0.5032470703125,0.2,0.1296454817056656,0.5821436643600464,8.547519127527872,0.9776079654693604,23660,-0.017739463792531752,0.06881517
579,5473,7114752,1169.85375123,980.64,1299,5e-05,0.22756874784827233,0.6047444661458333,0.2,0.12975196540355682,0.03929980844259262,8.542329722642899,0.9961630702018738,23670,-0.02230153194977902,0.11279059
580,5475,7127040,1157.28719379,975.21,1301,5e-05,1.5690697570641836,0.562744140625,0.2,0.12976448237895966,0.5601900815963745,8.544880272944768,0.9582372307777405,23680,-0.01618006179681591,0.07988328
581,5478,7139328,1162.4432956,975.21,1303,5e-05,3.0774086905953784,0.5022867838541667,0.2,0.12975315749645233,0.5713478922843933,8.548278244336446,0.9753291010856628,23690,-0.016917332109248187,0.072711654
582,5480,7151616,1160.48120463,967.5,1304,5e-05,0.6145909883081913,0.5972249348958333,0.2,0.129858136177063,0.21724523603916168,8.541209733486175,0.9787729978561401,23700,-0.012439183675936268,0.104530334
583,5483,7163904,1163.06081491,970.88,1306,5e-05,0.679458524286747,0.5468831380208333,0.2,0.1298457831144333,0.16005836427211761,8.533229817946753,0.9852970242500305,23710,-0.020435441239290714,0.085466534
584,5485,7176192,1172.65925205,975.91,1308,5e-05,0.2352922569339474,0.5489583333333333,0.2,0.12995974719524384,0.03783246502280235,8.529374647140504,0.9939542412757874,23720,-0.019449448301747906,0.09652033
585,5487,7188480,1162.8708877299998,974.91,1309,5e-05,0.35197817425553996,0.5653645833333333,0.2,0.13002245128154755,0.09846673160791397,8.519831041495005,0.985969603061676,23730,-0.026116081817114414,0.092923604
586,5490,7200768,1173.29440707,983.74,1311,5e-05,1.8615453615163764,0.4575927734375,0.2,0.12996363639831543,0.19970034062862396,8.520240378379821,0.9785119295120239,23740,-0.013205107809820522,0.055837423
587,5492,7213056,1178.5337918999999,983.74,1313,5e-05,0.5939670220948756,0.5330322265625,0.2,0.12983089685440063,0.445498526096344,8.530846613645554,0.9906790852546692,23750,-0.019812778322860443,0.079336345
588,5494,7225344,1178.4200678,983.73,1314,5e-05,0.28946998426690695,0.5738118489583334,0.2,0.1296197772026062,0.08693072199821472,8.547133851051331,0.9898898005485535,23760,-0.023543797419794524,0.0944477
589,5496,7237632,1165.96103618,978.52,1316,5e-05,1.8551760781556368,0.47291666666666665,0.2,0.12953607738018036,0.18800756335258484,8.558584668238957,0.9729882478713989,23770,-0.01829586901488559,0.058176275
590,5497,7249920,1170.47577137,985.24,1318,5e-05,1.2235670215450227,0.5358805338541667,0.2,0.1294558048248291,0.36280667781829834,8.5645383477211,0.9855890274047852,23780,-0.015600295396870934,0.07958115
591,5498,7262208,1168.0996554,985.24,1320,5e-05,2.7810499355196954,0.4755859375,0.2,0.12941519916057587,0.6185196042060852,8.568645538886388,0.9769619703292847,23790,-0.01907296075466244,0.06577345
592,5498,7274496,1169.0499541,985.24,1322,5e-05,0.24011271484196187,0.61337890625,0.2,0.1294565200805664,0.04363170266151428,8.566236408551534,0.9904748201370239,23800,-0.02131465247948654,0.10592153
593,5499,7286784,1177.97610079,986.24,1324,5e-05,0.2764262696417669,0.577099609375,0.2,0.12956403195858002,0.07267902791500092,8.55882170200348,0.9942333102226257,23810,-0.02207984638710817,0.09371978
594,5501,7299072,1171.79299661,986.74,1326,5e-05,0.2619953380897641,0.5495361328125,0.2,0.12934257090091705,0.057366110384464264,8.562851663430532,0.9915173649787903,23820,-0.025117806016351097,0.097578965
595,5502,7311360,1173.89453269,986.74,1328,5e-05,0.24277261042346557,0.5293538411458333,0.2,0.12935985624790192,0.07760800421237946,8.57227367957433,0.9904323220252991,23830,-0.028465423597178113,0.07876043
596,5503,7323648,1158.81895897,977.53,1330,5e-05,0.37528062739099066,0.5225911458333333,0.2,0.12932536005973816,0.12100611627101898,8.575225673119228,0.9903266429901123,23840,-0.03406738849298563,0.075712495
597,5504,7335936,1166.0867828500002,982.23,1332,5e-05,0.784911580538998,0.4975830078125,0.2,0.12928031384944916,0.14323817193508148,8.579701685905457,0.9763001203536987,23850,-0.024947938336602724,0.068565145
598,5506,7348224,1165.0913885700002,978.63,1334,5e-05,0.6434922801020245,0.487841796875,0.2,0.12934577465057373,0.1296381652355194,8.578896512587866,0.9715729355812073,23860,-0.01605238787160488,0.06330019
599,5506,7360512,1158.0075254100002,977.2,1336,5e-05,1.6289033064308265,0.538623046875,0.2,0.12930075824260712,1.3989036083221436,8.578281593322753,0.9848434925079346,23870,-0.020333826939652983,0.083132476
600,5507,7372800,1152.3159870799998,974.82,1338,5e-05,0.5144051221820215,0.5659912109375,0.2,0.12922485172748566,0.12456902116537094,8.580605318148931,0.9708160161972046,23880,-0.018411163066048175,0.08981654
601,5509,7385088,1147.5535332200002,974.82,1340,5e-05,2.9322695190707844,0.42628580729166665,0.2,0.12916924059391022,1.8044151067733765,8.58578881820043,0.933469295501709,23890,-0.019116063351005626,0.038735963
602,5511,7397376,1149.62814018,974.82,1342,5e-05,0.6246621844669183,0.5771647135416667,0.2,0.1290377527475357,0.12411738187074661,8.591973636547724,0.9879977703094482,23900,-0.02327544819903172,0.09691814
603,5513,7409664,1137.83526819,969.64,1343,5e-05,0.5117677024255196,0.5770751953125,0.2,0.12912799417972565,0.35639888048171997,8.592052694161733,0.9810804128646851,23910,-0.01558342896605609,0.0921535
604,5515,7421952,1149.30047301,978.85,1345,5e-05,1.2641137981787325,0.5247151692708333,0.2,0.12893028557300568,0.2796463966369629,8.596374388535818,0.979216992855072,23920,-0.021508971936418673,0.07519435
605,5518,7434240,1140.41248268,973.85,1347,5e-05,0.2975337024467687,0.5725911458333334,0.2,0.12900565564632416,0.07491689920425415,8.605806356668472,0.9881731867790222,23930,-0.029055897192059397,0.09392647
606,5520,7446528,1146.38884381,980.06,1348,5e-05,1.1225418413678805,0.47329915364583336,0.2,0.1289241760969162,0.717318594455719,8.610026123126348,0.9714738726615906,23940,-0.01914717073183662,0.054821838
607,5522,7458816,1142.20441198,976.51,1350,5e-05,0.41787013119707506,0.5846028645833333,0.2,0.12868128716945648,0.17103059589862823,8.626528402169546,0.9832380414009094,23950,-0.019992235224829832,0.13339396
608,5524,7471104,1147.85331771,978.89,1352,5e-05,0.277453704426686,0.5711100260416667,0.2,0.12869545817375183,0.10559341311454773,8.637997682889303,0.9945971369743347,23960,-0.0220284371105663,0.0947597
609,5527,7483392,1148.72798644,978.89,1353,5e-05,0.324650586489588,0.5498860677083334,0.2,0.1286764144897461,0.0889265239238739,8.638124376535416,0.9823619723320007,23970,-0.029938502966736755,0.08475533
610,5529,7495680,1155.51074832,978.89,1355,5e-05,0.23667920557782055,0.535498046875,0.2,0.1287299394607544,0.07929915934801102,8.635928644736607,0.992094099521637,23980,-0.027329995581627978,0.07835131
611,5531,7507968,1166.93804914,984.07,1357,5e-05,0.18251951290294527,0.5093343098958333,0.2,0.12861444056034088,0.03563457727432251,8.638253287474315,0.9936366677284241,23990,-0.02949494135051888,0.06936308
612,5534,7520256,1172.4288801,984.07,1358,5e-05,0.22108758985996246,0.5173583984375,0.2,0.12844301760196686,0.07273387908935547,8.652143359184265,0.992978572845459,24000,-0.03339396570469641,0.07458789
613,5536,7532544,1190.2411140299998,995.02,1360,5e-05,0.22057509856919447,0.5238199869791667,0.2,0.12825126945972443,0.06073521822690964,8.671526296933491,0.9896697402000427,24010,-0.031630919581220954,0.076901086
614,5538,7544832,1173.8522122900001,982.01,1362,5e-05,0.19724714094772935,0.5312255859375,0.2,0.12814833223819733,0.03249712660908699,8.680746078491211,0.9899817109107971,24020,-0.028516802798064116,0.0748666
615,5540,7557120,1182.7182077,986.99,1363,5e-05,1.268706433350841,0.41952311197916664,0.2,0.12806858122348785,0.1108623743057251,8.685773879289627,0.975975513458252,24030,-0.019544093894849842,0.043251306
616,5543,7569408,1173.16776295,979.58,1365,5e-05,1.108731993722419,0.49200846354166666,0.2,0.12805841863155365,0.42084819078445435,8.691299661000569,0.9831910133361816,24040,-0.018876104683537658,0.06755919
617,5545,7581696,1172.7919685,977.93,1367,5e-05,3.2790952355290455,0.457666015625,0.2,0.12805666029453278,1.1025084257125854,8.698109149932861,0.9702252745628357,24050,-0.01563086653962576,0.05068105
618,5547,7593984,1161.5646435800002,977.93,1368,5e-05,0.2928893484485646,0.6019205729166667,0.2,0.1281641125679016,0.09184987843036652,8.692133124669393,0.9949965476989746,24060,-0.022763690906382788,0.1075696
619,5549,7606272,1155.4559715,977.93,1370,5e-05,0.479898019724836,0.5702555338541667,0.2,0.12825767695903778,0.19996018707752228,8.687634418408075,0.9765234589576721,24070,-0.02536771845310189,0.09388878
620,5551,7618560,1156.45762374,977.93,1372,5e-05,0.2985572265461087,0.5405517578125,0.2,0.1282249242067337,0.10601803660392761,8.686563424269359,0.9928103089332581,24080,-0.029940161288444265,0.0864748
621,5553,7630848,1157.4473019,977.93,1374,5e-05,0.21993484099706015,0.55078125,0.2,0.1282442957162857,0.03240351006388664,8.689960891008377,0.9935401678085327,24090,-0.02502681961292789,0.08201089
622,5555,7643136,1171.6931934,990.94,1375,5e-05,0.2695200266937415,0.5340087890625,0.2,0.12806284427642822,0.10737147927284241,8.701990483204524,0.9909124374389648,24100,-0.0305440922267735,0.08280786
623,5557,7655424,1166.3000600999999,990.94,1377,5e-05,0.431100804079324,0.5477457682291667,0.2,0.12804043292999268,0.3586394786834717,8.71828421552976,0.9769555330276489,24110,-0.016846598296736678,0.08456466
624,5559,7667712,1173.9976102100002,998.35,1379,5e-05,0.3115918057349821,0.5391031901041666,0.2,0.12797962129116058,0.1353929340839386,8.725681827465694,0.992133378982544,24120,-0.024707935394447607,0.08265493
625,5562,7680000,1165.75502086,993.56,1380,5e-05,1.1389602010138333,0.49302571614583335,0.2,0.12799407541751862,0.17711444199085236,8.729878157377243,0.9732337594032288,24130,-0.01587738106997373,0.06254265
626,5564,7692288,1174.1858164500002,993.56,1382,5e-05,0.3471194033200542,0.5473795572916667,0.2,0.12809592485427856,0.0734918862581253,8.722395517428716,0.9961981773376465,24140,-0.026683437349856832,0.08298016
627,5566,7704576,1183.05972665,993.56,1384,5e-05,0.18617276684381068,0.5402994791666667,0.2,0.12802070379257202,0.02407754957675934,8.723174905776977,0.995698869228363,24150,-0.027699979334526385,0.08148985
628,5568,7716864,1183.19193968,993.56,1385,5e-05,0.25996424093221626,0.5296305338541667,0.2,0.12799258530139923,0.05468731373548508,8.726621894041697,0.9947232604026794,24160,-0.030036520894888476,0.07925597
629,5570,7729152,1170.2506030099998,985.98,1387,5e-05,0.23037677522127828,0.5366943359375,0.2,0.12796461582183838,0.03751051425933838,8.73312371969223,0.9927418828010559,24170,-0.025899892818415537,0.078441896
630,5572,7741440,1156.8550034,976.15,1389,5e-05,1.963343523722142,0.45331217447916666,0.2,0.12798237800598145,1.9138718843460083,8.733156681060791,0.9773182272911072,24180,-0.015434187098192827,0.04993652
631,5574,7753728,1150.83575932,963.87,1390,5e-05,3.194607300373415,0.43277180989583336,0.2,0.12789028882980347,0.7939724922180176,8.735867220163346,0.9818018674850464,24190,-0.016940246205194853,0.043599457
632,5577,7766016,1154.4759639899999,963.74,1392,5e-05,4.673857972522577,0.3897298177083333,0.2,0.12787151336669922,1.2785916328430176,8.741871873537699,0.9738960266113281,24200,-0.02037941177744263,0.036003273
633,5579,7778304,1149.46942932,961.57,1394,5e-05,3.3272799434761207,0.5551025390625,0.2,0.12787610292434692,0.7226870059967041,8.742358167966207,0.9719518423080444,24210,-0.0131171602125202,0.08851167
634,5581,7790592,1146.2858182700002,961.57,1395,5e-05,5.236760291829706,0.46719563802083336,0.2,0.12778674066066742,8.329474449157715,8.744515383243561,0.9675778746604919,24220,-0.016142762312665582,0.049267907
635,5583,7802880,1134.8886809499998,961.57,1397,5e-05,0.5620690659309427,0.6662679036458333,0.2,0.12806518375873566,0.23465971648693085,8.729639854033788,0.9839979410171509,24230,-0.012422917575653022,0.13626795
636,5585,7815168,1136.84631561,961.57,1399,5e-05,1.1395791636779904,0.5785237630208333,0.2,0.12814132869243622,0.44395285844802856,8.71350137790044,0.9779480695724487,24240,-0.018528279956566016,0.096097164
637,5587,7827456,1142.53044582,966.16,1400,5e-05,0.5581623254343867,0.5971435546875,0.2,0.12803252041339874,0.2461239993572235,8.710896803935368,0.9932200908660889,24250,-0.019918777751930367,0.10679092
638,5589,7839744,1157.9941275599997,975.99,1402,5e-05,0.6894990065135062,0.5492350260416666,0.2,0.12801411747932434,0.12899033725261688,8.712241129080455,0.9667279124259949,24260,-0.01908250983688049,0.08336792
639,5591,7852032,1166.1685001300002,988.27,1404,5e-05,0.7716006061683098,0.5557942708333333,0.2,0.12809138000011444,0.15805292129516602,8.707592056194942,0.9876876473426819,24270,-0.022013478312874212,0.100359775
640,5592,7864320,1169.1658946799998,988.4,1406,5e-05,0.42540566554913917,0.5666259765625,0.2,0.12805210053920746,0.15706056356430054,8.705706397692362,0.9909901022911072,24280,-0.02020840899591955,0.09638214
641,5593,7876608,1184.67189894,996.67,1408,5e-05,0.23331447560340166,0.5402994791666667,0.2,0.12793195247650146,0.06355607509613037,8.713449128468831,0.994442343711853,24290,-0.03060155743393504,0.08053283
642,5594,7888896,1182.6042734,996.67,1410,5e-05,0.7800963111842673,0.50498046875,0.2,0.12790130078792572,0.4962597191333771,8.71626964410146,0.9863689541816711,24300,-0.021131698944373056,0.070517875
643,5596,7901184,1190.6865394899999,996.67,1411,5e-05,0.24276632529993852,0.5610188802083333,0.2,0.12766624987125397,0.07604527473449707,8.728951694567998,0.9847465753555298,24310,-0.028519072409471845,0.08721217
644,5598,7913472,1190.27422617,996.67,1413,5e-05,0.21723405783995986,0.5383056640625,0.2,0.12752191722393036,0.06511133909225464,8.74563769896825,0.9962619543075562,24320,-0.029530365858227013,0.08091833
645,5600,7925760,1197.76423274,999.66,1415,5e-05,0.34883933076635004,0.5191243489583334,0.2,0.1275322586297989,0.10732557624578476,8.75125748515129,0.9773586988449097,24330,-0.02158367846374555,0.07282484
646,5602,7938048,1195.7542080399999,999.66,1416,5e-05,0.2907553839807709,0.5357421875,0.2,0.12753631174564362,0.07727944850921631,8.75082595149676,0.992484986782074,24340,-0.030648723645329785,0.079098545
647,5604,7950336,1205.4838133899998,999.66,1418,5e-05,0.24206562293693423,0.5193766276041667,0.2,0.12740850448608398,0.0786372721195221,8.758587032556534,0.9903951287269592,24350,-0.030256260032668555,0.07315891
648,5606,7962624,1205.2012232,999.66,1420,5e-05,0.2102890431260069,0.5201416015625,0.2,0.12732307612895966,0.07116434723138809,8.770733052492142,0.99647456407547,24360,-0.028244798153173177,0.08041826
649,5607,7974912,1201.6525655,997.72,1422,5e-05,0.2338433961694439,0.5233561197916666,0.2,0.12718039751052856,0.07028528302907944,8.77863914767901,0.9892425537109375,24370,-0.02853520411978631,0.077001475
650,5610,7987200,1203.25215009,997.71,1423,5e-05,1.2460380069601038,0.4647623697916667,0.2,0.12712661921977997,2.7235686779022217,8.789756276210149,0.9825078845024109,24380,-0.018351861548338396,0.058458924
651,5612,7999488,1187.21324398,987.42,1425,5e-05,0.469075513848414,0.5307698567708333,0.2,0.12689627707004547,0.13848434388637543,8.799467901388804,0.9790059924125671,24390,-0.018803754272327448,0.07715425
652,5614,8011776,1181.1495335200002,980.16,1427,5e-05,1.8193636501518389,0.48092447916666664,0.2,0.12680134177207947,0.2438374012708664,8.81364869872729,0.9601587057113647,24400,-0.015912684072585156,0.05989525
